Item,Ref_Wave,Test_Wave,Mushra_Scores,Utterance,Folder,Condition,Codec,Rate_kbps,sampleMOS,conditionMOS,conditionCI,DataBase,sampleSTD,sampleCI,Degradation,sumVotes,CodecCombination,Q_Value_dB,EXP,NoiseType,ErrorType,ErrorRate%
,TCDvoip/Test_Set/ECHO/ref/R_01_ECHO_FA.wav,TCDvoip/Test_Set/ECHO/C_01_ECHO_FA.wav,,,,1,,,4.583333333,4.677083333,0.107383045,TCDvoip,0.653862548,0.261599502,ECHO,110.0,,,,,,
,TCDvoip/Test_Set/ECHO/ref/R_01_ECHO_FG.wav,TCDvoip/Test_Set/ECHO/C_01_ECHO_FG.wav,,,,1,,,4.708333333,4.677083333,0.107383045,TCDvoip,0.464305621,0.185760937,ECHO,113.0,,,,,,
,TCDvoip/Test_Set/ECHO/ref/R_01_ECHO_MK.wav,TCDvoip/Test_Set/ECHO/C_01_ECHO_MK.wav,,,,1,,,4.875,4.677083333,0.107383045,TCDvoip,0.33783196200000004,0.135160935,ECHO,117.0,,,,,,
,TCDvoip/Test_Set/ECHO/ref/R_01_ECHO_ML.wav,TCDvoip/Test_Set/ECHO/C_01_ECHO_ML.wav,,,,1,,,4.541666667,4.677083333,0.107383045,TCDvoip,0.65800533,0.26325696,ECHO,109.0,,,,,,
,TCDvoip/Test_Set/ECHO/ref/R_02_ECHO_FA.wav,TCDvoip/Test_Set/ECHO/C_02_ECHO_FA.wav,,,,2,,,4.541666667,4.635416667,0.1225,TCDvoip,0.7210600090000001,0.28848408600000003,ECHO,109.0,,,,,,
,TCDvoip/Test_Set/ECHO/ref/R_02_ECHO_FG.wav,TCDvoip/Test_Set/ECHO/C_02_ECHO_FG.wav,,,,2,,,4.75,4.635416667,0.1225,TCDvoip,0.531609533,0.212688109,ECHO,114.0,,,,,,
,TCDvoip/Test_Set/ECHO/ref/R_02_ECHO_MK.wav,TCDvoip/Test_Set/ECHO/C_02_ECHO_MK.wav,,,,2,,,4.583333333,4.635416667,0.1225,TCDvoip,0.653862548,0.261599502,ECHO,110.0,,,,,,
,TCDvoip/Test_Set/ECHO/ref/R_02_ECHO_ML.wav,TCDvoip/Test_Set/ECHO/C_02_ECHO_ML.wav,,,,2,,,4.666666667,4.635416667,0.1225,TCDvoip,0.564659703,0.225910931,ECHO,112.0,,,,,,
,TCDvoip/Test_Set/ECHO/ref/R_03_ECHO_FA.wav,TCDvoip/Test_Set/ECHO/C_03_ECHO_FA.wav,,,,3,,,4.625,4.604166667,0.116553015,TCDvoip,0.646898957,0.25881348600000004,ECHO,111.0,,,,,,
,TCDvoip/Test_Set/ECHO/ref/R_03_ECHO_FG.wav,TCDvoip/Test_Set/ECHO/C_03_ECHO_FG.wav,,,,3,,,4.666666667,4.604166667,0.116553015,TCDvoip,0.481543412,0.192657489,ECHO,112.0,,,,,,
,TCDvoip/Test_Set/ECHO/ref/R_03_ECHO_MK.wav,TCDvoip/Test_Set/ECHO/C_03_ECHO_MK.wav,,,,3,,,4.666666667,4.604166667,0.116553015,TCDvoip,0.564659703,0.225910931,ECHO,112.0,,,,,,
,TCDvoip/Test_Set/ECHO/ref/R_03_ECHO_ML.wav,TCDvoip/Test_Set/ECHO/C_03_ECHO_ML.wav,,,,3,,,4.458333333,4.604166667,0.116553015,TCDvoip,0.65800533,0.26325696,ECHO,107.0,,,,,,
,TCDvoip/Test_Set/ECHO/ref/R_04_ECHO_FA.wav,TCDvoip/Test_Set/ECHO/C_04_ECHO_FA.wav,,,,4,,,4.75,4.479166667,0.126794603,TCDvoip,0.44232586799999996,0.176967204,ECHO,114.0,,,,,,
,TCDvoip/Test_Set/ECHO/ref/R_04_ECHO_FG.wav,TCDvoip/Test_Set/ECHO/C_04_ECHO_FG.wav,,,,4,,,4.333333333,4.479166667,0.126794603,TCDvoip,0.564659703,0.225910931,ECHO,104.0,,,,,,
,TCDvoip/Test_Set/ECHO/ref/R_04_ECHO_MK.wav,TCDvoip/Test_Set/ECHO/C_04_ECHO_MK.wav,,,,4,,,4.25,4.479166667,0.126794603,TCDvoip,0.793999233,0.317665853,ECHO,102.0,,,,,,
,TCDvoip/Test_Set/ECHO/ref/R_04_ECHO_ML.wav,TCDvoip/Test_Set/ECHO/C_04_ECHO_ML.wav,,,,4,,,4.583333333,4.479166667,0.126794603,TCDvoip,0.7172815020000001,0.28697236800000003,ECHO,110.0,,,,,,
,TCDvoip/Test_Set/ECHO/ref/R_05_ECHO_FA.wav,TCDvoip/Test_Set/ECHO/C_05_ECHO_FA.wav,,,,5,,,3.833333333,3.71875,0.184286497,TCDvoip,0.963086825,0.385314979,ECHO,92.0,,,,,,
,TCDvoip/Test_Set/ECHO/ref/R_05_ECHO_FG.wav,TCDvoip/Test_Set/ECHO/C_05_ECHO_FG.wav,,,,5,,,3.75,3.71875,0.184286497,TCDvoip,0.8469895540000001,0.33886639700000004,ECHO,90.0,,,,,,
,TCDvoip/Test_Set/ECHO/ref/R_05_ECHO_MK.wav,TCDvoip/Test_Set/ECHO/C_05_ECHO_MK.wav,,,,5,,,3.583333333,3.71875,0.184286497,TCDvoip,0.880546602,0.35229201200000004,ECHO,86.0,,,,,,
,TCDvoip/Test_Set/ECHO/ref/R_05_ECHO_ML.wav,TCDvoip/Test_Set/ECHO/C_05_ECHO_ML.wav,,,,5,,,3.708333333,3.71875,0.184286497,TCDvoip,1.041702898,0.41676795899999997,ECHO,89.0,,,,,,
,TCDvoip/Test_Set/ECHO/ref/R_06_ECHO_FA.wav,TCDvoip/Test_Set/ECHO/C_06_ECHO_FA.wav,,,,6,,,4.125,4.0625,0.14427642599999999,TCDvoip,0.679673835,0.271926168,ECHO,99.0,,,,,,
,TCDvoip/Test_Set/ECHO/ref/R_06_ECHO_FG.wav,TCDvoip/Test_Set/ECHO/C_06_ECHO_FG.wav,,,,6,,,4.041666667,4.0625,0.14427642599999999,TCDvoip,0.9078961190000001,0.36323409799999995,ECHO,97.0,,,,,,
,TCDvoip/Test_Set/ECHO/ref/R_06_ECHO_MK.wav,TCDvoip/Test_Set/ECHO/C_06_ECHO_MK.wav,,,,6,,,3.833333333,4.0625,0.14427642599999999,TCDvoip,0.7019641179999999,0.280844138,ECHO,92.0,,,,,,
,TCDvoip/Test_Set/ECHO/ref/R_06_ECHO_ML.wav,TCDvoip/Test_Set/ECHO/C_06_ECHO_ML.wav,,,,6,,,4.25,4.0625,0.14427642599999999,TCDvoip,0.607918759,0.24321815800000002,ECHO,102.0,,,,,,
,TCDvoip/Test_Set/ECHO/ref/R_07_ECHO_FA.wav,TCDvoip/Test_Set/ECHO/C_07_ECHO_FA.wav,,,,7,,,3.125,3.5625,0.18744983699999998,TCDvoip,1.115600832,0.44633329,ECHO,75.0,,,,,,
,TCDvoip/Test_Set/ECHO/ref/R_07_ECHO_FG.wav,TCDvoip/Test_Set/ECHO/C_07_ECHO_FG.wav,,,,7,,,3.666666667,3.5625,0.18744983699999998,TCDvoip,1.00722031,0.40297205,ECHO,88.0,,,,,,
,TCDvoip/Test_Set/ECHO/ref/R_07_ECHO_MK.wav,TCDvoip/Test_Set/ECHO/C_07_ECHO_MK.wav,,,,7,,,3.708333333,3.5625,0.18744983699999998,TCDvoip,0.9078961190000001,0.36323409799999995,ECHO,89.0,,,,,,
,TCDvoip/Test_Set/ECHO/ref/R_07_ECHO_ML.wav,TCDvoip/Test_Set/ECHO/C_07_ECHO_ML.wav,,,,7,,,3.75,3.5625,0.18744983699999998,TCDvoip,0.7372097809999999,0.29494534,ECHO,90.0,,,,,,
,TCDvoip/Test_Set/ECHO/ref/R_08_ECHO_FA.wav,TCDvoip/Test_Set/ECHO/C_08_ECHO_FA.wav,,,,8,,,3.416666667,3.333333333,0.161930378,TCDvoip,0.880546602,0.35229201200000004,ECHO,82.0,,,,,,
,TCDvoip/Test_Set/ECHO/ref/R_08_ECHO_FG.wav,TCDvoip/Test_Set/ECHO/C_08_ECHO_FG.wav,,,,8,,,3.583333333,3.333333333,0.161930378,TCDvoip,0.775531608,0.310277264,ECHO,86.0,,,,,,
,TCDvoip/Test_Set/ECHO/ref/R_08_ECHO_MK.wav,TCDvoip/Test_Set/ECHO/C_08_ECHO_MK.wav,,,,8,,,3.208333333,3.333333333,0.161930378,TCDvoip,0.8329709359999999,0.33325778100000003,ECHO,77.0,,,,,,
,TCDvoip/Test_Set/ECHO/ref/R_08_ECHO_ML.wav,TCDvoip/Test_Set/ECHO/C_08_ECHO_ML.wav,,,,8,,,3.125,3.333333333,0.161930378,TCDvoip,0.7974143,0.319032164,ECHO,75.0,,,,,,
,TCDvoip/Test_Set/ECHO/ref/R_09_ECHO_FA.wav,TCDvoip/Test_Set/ECHO/C_09_ECHO_FA.wav,,,,9,,,2.958333333,2.958333333,0.153928811,TCDvoip,0.8064504440000001,0.322647375,ECHO,71.0,,,,,,
,TCDvoip/Test_Set/ECHO/ref/R_09_ECHO_FG.wav,TCDvoip/Test_Set/ECHO/C_09_ECHO_FG.wav,,,,9,,,2.833333333,2.958333333,0.153928811,TCDvoip,0.963086825,0.385314979,ECHO,68.0,,,,,,
,TCDvoip/Test_Set/ECHO/ref/R_09_ECHO_MK.wav,TCDvoip/Test_Set/ECHO/C_09_ECHO_MK.wav,,,,9,,,3.166666667,2.958333333,0.153928811,TCDvoip,0.7019641179999999,0.280844138,ECHO,76.0,,,,,,
,TCDvoip/Test_Set/ECHO/ref/R_09_ECHO_ML.wav,TCDvoip/Test_Set/ECHO/C_09_ECHO_ML.wav,,,,9,,,2.875,2.958333333,0.153928811,TCDvoip,0.612372436,0.245,ECHO,69.0,,,,,,
,TCDvoip/Test_Set/ECHO/ref/R_10_ECHO_FA.wav,TCDvoip/Test_Set/ECHO/C_10_ECHO_FA.wav,,,,10,,,3.833333333,3.71875,0.158921783,TCDvoip,0.7613869879999999,0.304618237,ECHO,92.0,,,,,,
,TCDvoip/Test_Set/ECHO/ref/R_10_ECHO_FG.wav,TCDvoip/Test_Set/ECHO/C_10_ECHO_FG.wav,,,,10,,,3.833333333,3.71875,0.158921783,TCDvoip,0.7613869879999999,0.304618237,ECHO,92.0,,,,,,
,TCDvoip/Test_Set/ECHO/ref/R_10_ECHO_MK.wav,TCDvoip/Test_Set/ECHO/C_10_ECHO_MK.wav,,,,10,,,3.541666667,3.71875,0.158921783,TCDvoip,0.7790276359999999,0.311675967,ECHO,85.0,,,,,,
,TCDvoip/Test_Set/ECHO/ref/R_10_ECHO_ML.wav,TCDvoip/Test_Set/ECHO/C_10_ECHO_ML.wav,,,,10,,,3.666666667,3.71875,0.158921783,TCDvoip,0.916831342,0.36680893200000003,ECHO,88.0,,,,,,
,TCDvoip/Test_Set/ECHO/ref/R_11_ECHO_FA.wav,TCDvoip/Test_Set/ECHO/C_11_ECHO_FA.wav,,,,11,,,3.125,3.145833333,0.159747928,TCDvoip,0.679673835,0.271926168,ECHO,75.0,,,,,,
,TCDvoip/Test_Set/ECHO/ref/R_11_ECHO_FG.wav,TCDvoip/Test_Set/ECHO/C_11_ECHO_FG.wav,,,,11,,,2.833333333,3.145833333,0.159747928,TCDvoip,0.868114732,0.34731822799999995,ECHO,68.0,,,,,,
,TCDvoip/Test_Set/ECHO/ref/R_11_ECHO_MK.wav,TCDvoip/Test_Set/ECHO/C_11_ECHO_MK.wav,,,,11,,,3.5,3.145833333,0.159747928,TCDvoip,0.884651737,0.353934408,ECHO,84.0,,,,,,
,TCDvoip/Test_Set/ECHO/ref/R_11_ECHO_ML.wav,TCDvoip/Test_Set/ECHO/C_11_ECHO_ML.wav,,,,11,,,3.125,3.145833333,0.159747928,TCDvoip,0.7974143,0.319032164,ECHO,75.0,,,,,,
,TCDvoip/Test_Set/ECHO/ref/R_12_ECHO_FA.wav,TCDvoip/Test_Set/ECHO/C_12_ECHO_FA.wav,,,,12,,,2.375,2.552083333,0.158811305,TCDvoip,0.923721208,0.369565452,ECHO,57.0,,,,,,
,TCDvoip/Test_Set/ECHO/ref/R_12_ECHO_FG.wav,TCDvoip/Test_Set/ECHO/C_12_ECHO_FG.wav,,,,12,,,2.666666667,2.552083333,0.158811305,TCDvoip,0.8164965809999999,0.32666666699999997,ECHO,64.0,,,,,,
,TCDvoip/Test_Set/ECHO/ref/R_12_ECHO_MK.wav,TCDvoip/Test_Set/ECHO/C_12_ECHO_MK.wav,,,,12,,,2.458333333,2.552083333,0.158811305,TCDvoip,0.7210600090000001,0.28848408600000003,ECHO,59.0,,,,,,
,TCDvoip/Test_Set/ECHO/ref/R_12_ECHO_ML.wav,TCDvoip/Test_Set/ECHO/C_12_ECHO_ML.wav,,,,12,,,2.708333333,2.552083333,0.158811305,TCDvoip,0.7506036220000001,0.300303993,ECHO,65.0,,,,,,
,TCDvoip/Test_Set/ECHO/ref/R_13_ECHO_FA.wav,TCDvoip/Test_Set/ECHO/C_13_ECHO_FA.wav,,,,13,,,2.458333333,2.354166667,0.158313203,TCDvoip,0.7210600090000001,0.28848408600000003,ECHO,59.0,,,,,,
,TCDvoip/Test_Set/ECHO/ref/R_13_ECHO_FG.wav,TCDvoip/Test_Set/ECHO/C_13_ECHO_FG.wav,,,,13,,,2.291666667,2.354166667,0.158313203,TCDvoip,0.7506036220000001,0.300303993,ECHO,55.0,,,,,,
,TCDvoip/Test_Set/ECHO/ref/R_13_ECHO_MK.wav,TCDvoip/Test_Set/ECHO/C_13_ECHO_MK.wav,,,,13,,,2.291666667,2.354166667,0.158313203,TCDvoip,0.9078961190000001,0.36323409799999995,ECHO,55.0,,,,,,
,TCDvoip/Test_Set/ECHO/ref/R_13_ECHO_ML.wav,TCDvoip/Test_Set/ECHO/C_13_ECHO_ML.wav,,,,13,,,2.375,2.354166667,0.158313203,TCDvoip,0.824225592,0.329758915,ECHO,57.0,,,,,,
,TCDvoip/Test_Set/ECHO/ref/R_14_ECHO_FA.wav,TCDvoip/Test_Set/ECHO/C_14_ECHO_FA.wav,,,,14,,,3.25,3.166666667,0.182900326,TCDvoip,0.896854406,0.35881649299999996,ECHO,78.0,,,,,,
,TCDvoip/Test_Set/ECHO/ref/R_14_ECHO_FG.wav,TCDvoip/Test_Set/ECHO/C_14_ECHO_FG.wav,,,,14,,,2.958333333,3.166666667,0.182900326,TCDvoip,1.041702898,0.41676795899999997,ECHO,71.0,,,,,,
,TCDvoip/Test_Set/ECHO/ref/R_14_ECHO_MK.wav,TCDvoip/Test_Set/ECHO/C_14_ECHO_MK.wav,,,,14,,,3.125,3.166666667,0.182900326,TCDvoip,0.8501917940000001,0.34014756,ECHO,75.0,,,,,,
,TCDvoip/Test_Set/ECHO/ref/R_14_ECHO_ML.wav,TCDvoip/Test_Set/ECHO/C_14_ECHO_ML.wav,,,,14,,,3.333333333,3.166666667,0.182900326,TCDvoip,0.916831342,0.36680893200000003,ECHO,80.0,,,,,,
,TCDvoip/Test_Set/ECHO/ref/R_15_ECHO_FA.wav,TCDvoip/Test_Set/ECHO/C_15_ECHO_FA.wav,,,,15,,,1.9166666669999999,2.020833333,0.141574841,TCDvoip,0.7172815020000001,0.28697236800000003,ECHO,46.0,,,,,,
,TCDvoip/Test_Set/ECHO/ref/R_15_ECHO_FG.wav,TCDvoip/Test_Set/ECHO/C_15_ECHO_FG.wav,,,,15,,,2.041666667,2.020833333,0.141574841,TCDvoip,0.7506036220000001,0.300303993,ECHO,49.0,,,,,,
,TCDvoip/Test_Set/ECHO/ref/R_15_ECHO_MK.wav,TCDvoip/Test_Set/ECHO/C_15_ECHO_MK.wav,,,,15,,,2.041666667,2.020833333,0.141574841,TCDvoip,0.624093546,0.24968942100000002,ECHO,49.0,,,,,,
,TCDvoip/Test_Set/ECHO/ref/R_15_ECHO_ML.wav,TCDvoip/Test_Set/ECHO/C_15_ECHO_ML.wav,,,,15,,,2.083333333,2.020833333,0.141574841,TCDvoip,0.775531608,0.310277264,ECHO,50.0,,,,,,
,TCDvoip/Test_Set/ECHO/ref/R_16_ECHO_FA.wav,TCDvoip/Test_Set/ECHO/C_16_ECHO_FA.wav,,,,16,,,1.5,1.3958333330000001,0.13061292800000002,TCDvoip,0.8340576559999999,0.33369256,ECHO,36.0,,,,,,
,TCDvoip/Test_Set/ECHO/ref/R_16_ECHO_FG.wav,TCDvoip/Test_Set/ECHO/C_16_ECHO_FG.wav,,,,16,,,1.333333333,1.3958333330000001,0.13061292800000002,TCDvoip,0.564659703,0.225910931,ECHO,32.0,,,,,,
,TCDvoip/Test_Set/ECHO/ref/R_16_ECHO_MK.wav,TCDvoip/Test_Set/ECHO/C_16_ECHO_MK.wav,,,,16,,,1.333333333,1.3958333330000001,0.13061292800000002,TCDvoip,0.564659703,0.225910931,ECHO,32.0,,,,,,
,TCDvoip/Test_Set/ECHO/ref/R_16_ECHO_ML.wav,TCDvoip/Test_Set/ECHO/C_16_ECHO_ML.wav,,,,16,,,1.4166666669999999,1.3958333330000001,0.13061292800000002,TCDvoip,0.653862548,0.261599502,ECHO,34.0,,,,,,
,TCDvoip/Test_Set/ECHO/ref/R_17_ECHO_FA.wav,TCDvoip/Test_Set/ECHO/C_17_ECHO_FA.wav,,,,17,,,1.9583333330000001,1.8541666669999999,0.140454671,TCDvoip,0.624093546,0.24968942100000002,ECHO,47.0,,,,,,
,TCDvoip/Test_Set/ECHO/ref/R_17_ECHO_FG.wav,TCDvoip/Test_Set/ECHO/C_17_ECHO_FG.wav,,,,17,,,1.9583333330000001,1.8541666669999999,0.140454671,TCDvoip,0.8064504440000001,0.322647375,ECHO,47.0,,,,,,
,TCDvoip/Test_Set/ECHO/ref/R_17_ECHO_MK.wav,TCDvoip/Test_Set/ECHO/C_17_ECHO_MK.wav,,,,17,,,1.7083333330000001,1.8541666669999999,0.140454671,TCDvoip,0.690253052,0.276158736,ECHO,41.0,,,,,,
,TCDvoip/Test_Set/ECHO/ref/R_17_ECHO_ML.wav,TCDvoip/Test_Set/ECHO/C_17_ECHO_ML.wav,,,,17,,,1.7916666669999999,1.8541666669999999,0.140454671,TCDvoip,0.7210600090000001,0.28848408600000003,ECHO,43.0,,,,,,
,TCDvoip/Test_Set/ECHO/ref/R_18_ECHO_FA.wav,TCDvoip/Test_Set/ECHO/C_18_ECHO_FA.wav,,,,18,,,1.375,1.322916667,0.10236233800000001,TCDvoip,0.494535355,0.19785534899999999,ECHO,33.0,,,,,,
,TCDvoip/Test_Set/ECHO/ref/R_18_ECHO_FG.wav,TCDvoip/Test_Set/ECHO/C_18_ECHO_FG.wav,,,,18,,,1.291666667,1.322916667,0.10236233800000001,TCDvoip,0.550032937,0.220059006,ECHO,31.0,,,,,,
,TCDvoip/Test_Set/ECHO/ref/R_18_ECHO_MK.wav,TCDvoip/Test_Set/ECHO/C_18_ECHO_MK.wav,,,,18,,,1.291666667,1.322916667,0.10236233800000001,TCDvoip,0.464305621,0.185760937,ECHO,31.0,,,,,,
,TCDvoip/Test_Set/ECHO/ref/R_18_ECHO_ML.wav,TCDvoip/Test_Set/ECHO/C_18_ECHO_ML.wav,,,,18,,,1.333333333,1.322916667,0.10236233800000001,TCDvoip,0.564659703,0.225910931,ECHO,32.0,,,,,,
,TCDvoip/Test_Set/ECHO/ref/R_19_ECHO_FA.wav,TCDvoip/Test_Set/ECHO/C_19_ECHO_FA.wav,,,,19,,,1.75,1.625,0.119232745,TCDvoip,0.607918759,0.24321815800000002,ECHO,42.0,,,,,,
,TCDvoip/Test_Set/ECHO/ref/R_19_ECHO_FG.wav,TCDvoip/Test_Set/ECHO/C_19_ECHO_FG.wav,,,,19,,,1.625,1.625,0.119232745,TCDvoip,0.575779245,0.230359675,ECHO,39.0,,,,,,
,TCDvoip/Test_Set/ECHO/ref/R_19_ECHO_MK.wav,TCDvoip/Test_Set/ECHO/C_19_ECHO_MK.wav,,,,19,,,1.625,1.625,0.119232745,TCDvoip,0.646898957,0.25881348600000004,ECHO,39.0,,,,,,
,TCDvoip/Test_Set/ECHO/ref/R_19_ECHO_ML.wav,TCDvoip/Test_Set/ECHO/C_19_ECHO_ML.wav,,,,19,,,1.5,1.625,0.119232745,TCDvoip,0.589767825,0.235956272,ECHO,36.0,,,,,,
,TCDvoip/Test_Set/ECHO/ref/R_20_ECHO_FA.wav,TCDvoip/Test_Set/ECHO/C_20_ECHO_FA.wav,,,,20,,,1.125,1.177083333,0.081343659,TCDvoip,0.33783196200000004,0.135160935,ECHO,27.0,,,,,,
,TCDvoip/Test_Set/ECHO/ref/R_20_ECHO_FG.wav,TCDvoip/Test_Set/ECHO/C_20_ECHO_FG.wav,,,,20,,,1.25,1.177083333,0.081343659,TCDvoip,0.531609533,0.212688109,ECHO,30.0,,,,,,
,TCDvoip/Test_Set/ECHO/ref/R_20_ECHO_MK.wav,TCDvoip/Test_Set/ECHO/C_20_ECHO_MK.wav,,,,20,,,1.125,1.177083333,0.081343659,TCDvoip,0.33783196200000004,0.135160935,ECHO,27.0,,,,,,
,TCDvoip/Test_Set/ECHO/ref/R_20_ECHO_ML.wav,TCDvoip/Test_Set/ECHO/C_20_ECHO_ML.wav,,,,20,,,1.208333333,1.177083333,0.081343659,TCDvoip,0.41485111700000005,0.165975014,ECHO,29.0,,,,,,
,TCDvoip/Test_Set/CHOP/ref/R_01_CHOP_FA.wav,TCDvoip/Test_Set/CHOP/C_01_CHOP_FA.wav,,,,1,,,4.541666667,4.614583333,0.098161052,TCDvoip,0.508977378,0.203633361,CHOP,109.0,,,,,,
,TCDvoip/Test_Set/CHOP/ref/R_01_CHOP_FG.wav,TCDvoip/Test_Set/CHOP/C_01_CHOP_FG.wav,,,,1,,,4.875,4.614583333,0.098161052,TCDvoip,0.33783196200000004,0.135160935,CHOP,117.0,,,,,,
,TCDvoip/Test_Set/CHOP/ref/R_01_CHOP_MK.wav,TCDvoip/Test_Set/CHOP/C_01_CHOP_MK.wav,,,,1,,,4.708333333,4.614583333,0.098161052,TCDvoip,0.550032937,0.220059006,CHOP,113.0,,,,,,
,TCDvoip/Test_Set/CHOP/ref/R_01_CHOP_ML.wav,TCDvoip/Test_Set/CHOP/C_01_CHOP_ML.wav,,,,1,,,4.333333333,4.614583333,0.098161052,TCDvoip,0.564659703,0.225910931,CHOP,104.0,,,,,,
,TCDvoip/Test_Set/CHOP/ref/R_02_CHOP_FA.wav,TCDvoip/Test_Set/CHOP/C_02_CHOP_FA.wav,,,,2,,,4.541666667,4.572916667,0.10932678800000001,TCDvoip,0.65800533,0.26325696,CHOP,109.0,,,,,,
,TCDvoip/Test_Set/CHOP/ref/R_02_CHOP_FG.wav,TCDvoip/Test_Set/CHOP/C_02_CHOP_FG.wav,,,,2,,,4.875,4.572916667,0.10932678800000001,TCDvoip,0.33783196200000004,0.135160935,CHOP,117.0,,,,,,
,TCDvoip/Test_Set/CHOP/ref/R_02_CHOP_MK.wav,TCDvoip/Test_Set/CHOP/C_02_CHOP_MK.wav,,,,2,,,4.458333333,4.572916667,0.10932678800000001,TCDvoip,0.508977378,0.203633361,CHOP,107.0,,,,,,
,TCDvoip/Test_Set/CHOP/ref/R_02_CHOP_ML.wav,TCDvoip/Test_Set/CHOP/C_02_CHOP_ML.wav,,,,2,,,4.416666667,4.572916667,0.10932678800000001,TCDvoip,0.653862548,0.261599502,CHOP,106.0,,,,,,
,TCDvoip/Test_Set/CHOP/ref/R_03_CHOP_FA.wav,TCDvoip/Test_Set/CHOP/C_03_CHOP_FA.wav,,,,3,,,4.708333333,4.59375,0.130680098,TCDvoip,0.624093546,0.24968942100000002,CHOP,113.0,,,,,,
,TCDvoip/Test_Set/CHOP/ref/R_03_CHOP_FG.wav,TCDvoip/Test_Set/CHOP/C_03_CHOP_FG.wav,,,,3,,,4.5,4.59375,0.130680098,TCDvoip,0.722315119,0.288986234,CHOP,108.0,,,,,,
,TCDvoip/Test_Set/CHOP/ref/R_03_CHOP_MK.wav,TCDvoip/Test_Set/CHOP/C_03_CHOP_MK.wav,,,,3,,,4.541666667,4.59375,0.130680098,TCDvoip,0.65800533,0.26325696,CHOP,109.0,,,,,,
,TCDvoip/Test_Set/CHOP/ref/R_03_CHOP_ML.wav,TCDvoip/Test_Set/CHOP/C_03_CHOP_ML.wav,,,,3,,,4.625,4.59375,0.130680098,TCDvoip,0.646898957,0.25881348600000004,CHOP,111.0,,,,,,
,TCDvoip/Test_Set/CHOP/ref/R_04_CHOP_FA.wav,TCDvoip/Test_Set/CHOP/C_04_CHOP_FA.wav,,,,4,,,3.708333333,3.8125,0.156417168,TCDvoip,0.9078961190000001,0.36323409799999995,CHOP,89.0,,,,,,
,TCDvoip/Test_Set/CHOP/ref/R_04_CHOP_FG.wav,TCDvoip/Test_Set/CHOP/C_04_CHOP_FG.wav,,,,4,,,3.583333333,3.8125,0.156417168,TCDvoip,0.775531608,0.310277264,CHOP,86.0,,,,,,
,TCDvoip/Test_Set/CHOP/ref/R_04_CHOP_MK.wav,TCDvoip/Test_Set/CHOP/C_04_CHOP_MK.wav,,,,4,,,3.791666667,3.8125,0.156417168,TCDvoip,0.7790276359999999,0.311675967,CHOP,91.0,,,,,,
,TCDvoip/Test_Set/CHOP/ref/R_04_CHOP_ML.wav,TCDvoip/Test_Set/CHOP/C_04_CHOP_ML.wav,,,,4,,,4.166666667,3.8125,0.156417168,TCDvoip,0.7019641179999999,0.280844138,CHOP,100.0,,,,,,
,TCDvoip/Test_Set/CHOP/ref/R_05_CHOP_FA.wav,TCDvoip/Test_Set/CHOP/C_05_CHOP_FA.wav,,,,5,,,4.0,4.114583333,0.12892229300000002,TCDvoip,0.589767825,0.235956272,CHOP,96.0,,,,,,
,TCDvoip/Test_Set/CHOP/ref/R_05_CHOP_FG.wav,TCDvoip/Test_Set/CHOP/C_05_CHOP_FG.wav,,,,5,,,4.375,4.114583333,0.12892229300000002,TCDvoip,0.646898957,0.25881348600000004,CHOP,105.0,,,,,,
,TCDvoip/Test_Set/CHOP/ref/R_05_CHOP_MK.wav,TCDvoip/Test_Set/CHOP/C_05_CHOP_MK.wav,,,,5,,,3.75,4.114583333,0.12892229300000002,TCDvoip,0.7372097809999999,0.29494534,CHOP,90.0,,,,,,
,TCDvoip/Test_Set/CHOP/ref/R_05_CHOP_ML.wav,TCDvoip/Test_Set/CHOP/C_05_CHOP_ML.wav,,,,5,,,4.333333333,4.114583333,0.12892229300000002,TCDvoip,0.637022057,0.254861903,CHOP,104.0,,,,,,
,TCDvoip/Test_Set/CHOP/ref/R_06_CHOP_FA.wav,TCDvoip/Test_Set/CHOP/C_06_CHOP_FA.wav,,,,6,,,4.458333333,4.229166667,0.128444928,TCDvoip,0.65800533,0.26325696,CHOP,107.0,,,,,,
,TCDvoip/Test_Set/CHOP/ref/R_06_CHOP_FG.wav,TCDvoip/Test_Set/CHOP/C_06_CHOP_FG.wav,,,,6,,,3.625,4.229166667,0.128444928,TCDvoip,0.769669607,0.307931975,CHOP,87.0,,,,,,
,TCDvoip/Test_Set/CHOP/ref/R_06_CHOP_MK.wav,TCDvoip/Test_Set/CHOP/C_06_CHOP_MK.wav,,,,6,,,4.208333333,4.229166667,0.128444928,TCDvoip,0.588229966,0.235341,CHOP,101.0,,,,,,
,TCDvoip/Test_Set/CHOP/ref/R_06_CHOP_ML.wav,TCDvoip/Test_Set/CHOP/C_06_CHOP_ML.wav,,,,6,,,4.625,4.229166667,0.128444928,TCDvoip,0.575779245,0.230359675,CHOP,111.0,,,,,,
,TCDvoip/Test_Set/CHOP/ref/R_07_CHOP_FA.wav,TCDvoip/Test_Set/CHOP/C_07_CHOP_FA.wav,,,,7,,,2.833333333,3.125,0.158424028,TCDvoip,0.963086825,0.385314979,CHOP,68.0,,,,,,
,TCDvoip/Test_Set/CHOP/ref/R_07_CHOP_FG.wav,TCDvoip/Test_Set/CHOP/C_07_CHOP_FG.wav,,,,7,,,3.166666667,3.125,0.158424028,TCDvoip,0.7019641179999999,0.280844138,CHOP,76.0,,,,,,
,TCDvoip/Test_Set/CHOP/ref/R_07_CHOP_MK.wav,TCDvoip/Test_Set/CHOP/C_07_CHOP_MK.wav,,,,7,,,3.041666667,3.125,0.158424028,TCDvoip,0.8064504440000001,0.322647375,CHOP,73.0,,,,,,
,TCDvoip/Test_Set/CHOP/ref/R_07_CHOP_ML.wav,TCDvoip/Test_Set/CHOP/C_07_CHOP_ML.wav,,,,7,,,3.458333333,3.125,0.158424028,TCDvoip,0.7210600090000001,0.28848408600000003,CHOP,83.0,,,,,,
,TCDvoip/Test_Set/CHOP/ref/R_08_CHOP_FA.wav,TCDvoip/Test_Set/CHOP/C_08_CHOP_FA.wav,,,,8,,,3.583333333,3.5,0.17545583899999997,TCDvoip,0.974307632,0.38980423700000005,CHOP,86.0,,,,,,
,TCDvoip/Test_Set/CHOP/ref/R_08_CHOP_FG.wav,TCDvoip/Test_Set/CHOP/C_08_CHOP_FG.wav,,,,8,,,3.541666667,3.5,0.17545583899999997,TCDvoip,0.931532943,0.372690797,CHOP,85.0,,,,,,
,TCDvoip/Test_Set/CHOP/ref/R_08_CHOP_MK.wav,TCDvoip/Test_Set/CHOP/C_08_CHOP_MK.wav,,,,8,,,3.208333333,3.5,0.17545583899999997,TCDvoip,0.7790276359999999,0.311675967,CHOP,77.0,,,,,,
,TCDvoip/Test_Set/CHOP/ref/R_08_CHOP_ML.wav,TCDvoip/Test_Set/CHOP/C_08_CHOP_ML.wav,,,,8,,,3.666666667,3.5,0.17545583899999997,TCDvoip,0.868114732,0.34731822799999995,CHOP,88.0,,,,,,
,TCDvoip/Test_Set/CHOP/ref/R_09_CHOP_FA.wav,TCDvoip/Test_Set/CHOP/C_09_CHOP_FA.wav,,,,9,,,3.833333333,3.802083333,0.162741251,TCDvoip,0.7613869879999999,0.304618237,CHOP,92.0,,,,,,
,TCDvoip/Test_Set/CHOP/ref/R_09_CHOP_FG.wav,TCDvoip/Test_Set/CHOP/C_09_CHOP_FG.wav,,,,9,,,3.875,3.802083333,0.162741251,TCDvoip,0.74088666,0.296416398,CHOP,93.0,,,,,,
,TCDvoip/Test_Set/CHOP/ref/R_09_CHOP_MK.wav,TCDvoip/Test_Set/CHOP/C_09_CHOP_MK.wav,,,,9,,,3.958333333,3.802083333,0.162741251,TCDvoip,0.9078961190000001,0.36323409799999995,CHOP,95.0,,,,,,
,TCDvoip/Test_Set/CHOP/ref/R_09_CHOP_ML.wav,TCDvoip/Test_Set/CHOP/C_09_CHOP_ML.wav,,,,9,,,3.541666667,3.802083333,0.162741251,TCDvoip,0.8836272409999999,0.353524524,CHOP,85.0,,,,,,
,TCDvoip/Test_Set/CHOP/ref/R_10_CHOP_FA.wav,TCDvoip/Test_Set/CHOP/C_10_CHOP_FA.wav,,,,10,,,3.375,3.84375,0.146629406,TCDvoip,0.769669607,0.307931975,CHOP,81.0,,,,,,
,TCDvoip/Test_Set/CHOP/ref/R_10_CHOP_FG.wav,TCDvoip/Test_Set/CHOP/C_10_CHOP_FG.wav,,,,10,,,4.041666667,3.84375,0.146629406,TCDvoip,0.624093546,0.24968942100000002,CHOP,97.0,,,,,,
,TCDvoip/Test_Set/CHOP/ref/R_10_CHOP_MK.wav,TCDvoip/Test_Set/CHOP/C_10_CHOP_MK.wav,,,,10,,,3.875,3.84375,0.146629406,TCDvoip,0.8501917940000001,0.34014756,CHOP,93.0,,,,,,
,TCDvoip/Test_Set/CHOP/ref/R_10_CHOP_ML.wav,TCDvoip/Test_Set/CHOP/C_10_CHOP_ML.wav,,,,10,,,4.083333333,3.84375,0.146629406,TCDvoip,0.7172815020000001,0.28697236800000003,CHOP,98.0,,,,,,
,TCDvoip/Test_Set/CHOP/ref/R_11_CHOP_FA.wav,TCDvoip/Test_Set/CHOP/C_11_CHOP_FA.wav,,,,11,,,3.583333333,3.770833333,0.13340497,TCDvoip,0.7172815020000001,0.28697236800000003,CHOP,86.0,,,,,,
,TCDvoip/Test_Set/CHOP/ref/R_11_CHOP_FG.wav,TCDvoip/Test_Set/CHOP/C_11_CHOP_FG.wav,,,,11,,,3.958333333,3.770833333,0.13340497,TCDvoip,0.550032937,0.220059006,CHOP,95.0,,,,,,
,TCDvoip/Test_Set/CHOP/ref/R_11_CHOP_MK.wav,TCDvoip/Test_Set/CHOP/C_11_CHOP_MK.wav,,,,11,,,3.625,3.770833333,0.13340497,TCDvoip,0.646898957,0.25881348600000004,CHOP,87.0,,,,,,
,TCDvoip/Test_Set/CHOP/ref/R_11_CHOP_ML.wav,TCDvoip/Test_Set/CHOP/C_11_CHOP_ML.wav,,,,11,,,3.916666667,3.770833333,0.13340497,TCDvoip,0.775531608,0.310277264,CHOP,94.0,,,,,,
,TCDvoip/Test_Set/CHOP/ref/R_12_CHOP_FA.wav,TCDvoip/Test_Set/CHOP/C_12_CHOP_FA.wav,,,,12,,,2.958333333,3.322916667,0.138123573,TCDvoip,0.8064504440000001,0.322647375,CHOP,71.0,,,,,,
,TCDvoip/Test_Set/CHOP/ref/R_12_CHOP_FG.wav,TCDvoip/Test_Set/CHOP/C_12_CHOP_FG.wav,,,,12,,,3.0,3.322916667,0.138123573,TCDvoip,0.589767825,0.235956272,CHOP,72.0,,,,,,
,TCDvoip/Test_Set/CHOP/ref/R_12_CHOP_MK.wav,TCDvoip/Test_Set/CHOP/C_12_CHOP_MK.wav,,,,12,,,4.083333333,3.322916667,0.138123573,TCDvoip,0.775531608,0.310277264,CHOP,98.0,,,,,,
,TCDvoip/Test_Set/CHOP/ref/R_12_CHOP_ML.wav,TCDvoip/Test_Set/CHOP/C_12_CHOP_ML.wav,,,,12,,,3.25,3.322916667,0.138123573,TCDvoip,0.607918759,0.24321815800000002,CHOP,78.0,,,,,,
,TCDvoip/Test_Set/CHOP/ref/R_13_CHOP_FA.wav,TCDvoip/Test_Set/CHOP/C_13_CHOP_FA.wav,,,,13,,,2.375,3.03125,0.16360175300000002,TCDvoip,0.824225592,0.329758915,CHOP,57.0,,,,,,
,TCDvoip/Test_Set/CHOP/ref/R_13_CHOP_FG.wav,TCDvoip/Test_Set/CHOP/C_13_CHOP_FG.wav,,,,13,,,3.375,3.03125,0.16360175300000002,TCDvoip,0.646898957,0.25881348600000004,CHOP,81.0,,,,,,
,TCDvoip/Test_Set/CHOP/ref/R_13_CHOP_MK.wav,TCDvoip/Test_Set/CHOP/C_13_CHOP_MK.wav,,,,13,,,2.708333333,3.03125,0.16360175300000002,TCDvoip,0.7506036220000001,0.300303993,CHOP,65.0,,,,,,
,TCDvoip/Test_Set/CHOP/ref/R_13_CHOP_ML.wav,TCDvoip/Test_Set/CHOP/C_13_CHOP_ML.wav,,,,13,,,3.666666667,3.03125,0.16360175300000002,TCDvoip,1.049499536,0.41988726299999996,CHOP,88.0,,,,,,
,TCDvoip/Test_Set/CHOP/ref/R_14_CHOP_FA.wav,TCDvoip/Test_Set/CHOP/C_14_CHOP_FA.wav,,,,14,,,3.083333333,3.020833333,0.15930785,TCDvoip,0.974307632,0.38980423700000005,CHOP,74.0,,,,,,
,TCDvoip/Test_Set/CHOP/ref/R_14_CHOP_FG.wav,TCDvoip/Test_Set/CHOP/C_14_CHOP_FG.wav,,,,14,,,2.875,3.020833333,0.15930785,TCDvoip,0.74088666,0.296416398,CHOP,69.0,,,,,,
,TCDvoip/Test_Set/CHOP/ref/R_14_CHOP_MK.wav,TCDvoip/Test_Set/CHOP/C_14_CHOP_MK.wav,,,,14,,,3.208333333,3.020833333,0.15930785,TCDvoip,0.7210600090000001,0.28848408600000003,CHOP,77.0,,,,,,
,TCDvoip/Test_Set/CHOP/ref/R_14_CHOP_ML.wav,TCDvoip/Test_Set/CHOP/C_14_CHOP_ML.wav,,,,14,,,2.916666667,3.020833333,0.15930785,TCDvoip,0.775531608,0.310277264,CHOP,70.0,,,,,,
,TCDvoip/Test_Set/CHOP/ref/R_15_CHOP_FA.wav,TCDvoip/Test_Set/CHOP/C_15_CHOP_FA.wav,,,,15,,,2.666666667,2.697916667,0.180631183,TCDvoip,1.049499536,0.41988726299999996,CHOP,64.0,,,,,,
,TCDvoip/Test_Set/CHOP/ref/R_15_CHOP_FG.wav,TCDvoip/Test_Set/CHOP/C_15_CHOP_FG.wav,,,,15,,,2.666666667,2.697916667,0.180631183,TCDvoip,0.868114732,0.34731822799999995,CHOP,64.0,,,,,,
,TCDvoip/Test_Set/CHOP/ref/R_15_CHOP_MK.wav,TCDvoip/Test_Set/CHOP/C_15_CHOP_MK.wav,,,,15,,,2.416666667,2.697916667,0.180631183,TCDvoip,0.8297022340000001,0.331950028,CHOP,58.0,,,,,,
,TCDvoip/Test_Set/CHOP/ref/R_15_CHOP_ML.wav,TCDvoip/Test_Set/CHOP/C_15_CHOP_ML.wav,,,,15,,,3.041666667,2.697916667,0.180631183,TCDvoip,0.9078961190000001,0.36323409799999995,CHOP,73.0,,,,,,
,TCDvoip/Test_Set/CHOP/ref/R_16_CHOP_FA.wav,TCDvoip/Test_Set/CHOP/C_16_CHOP_FA.wav,,,,16,,,2.791666667,2.760416667,0.15613639699999998,TCDvoip,0.8836272409999999,0.353524524,CHOP,67.0,,,,,,
,TCDvoip/Test_Set/CHOP/ref/R_16_CHOP_FG.wav,TCDvoip/Test_Set/CHOP/C_16_CHOP_FG.wav,,,,16,,,2.958333333,2.760416667,0.15613639699999998,TCDvoip,0.85867272,0.34354063700000004,CHOP,71.0,,,,,,
,TCDvoip/Test_Set/CHOP/ref/R_16_CHOP_MK.wav,TCDvoip/Test_Set/CHOP/C_16_CHOP_MK.wav,,,,16,,,2.625,2.760416667,0.15613639699999998,TCDvoip,0.875388113,0.350228186,CHOP,63.0,,,,,,
,TCDvoip/Test_Set/CHOP/ref/R_16_CHOP_ML.wav,TCDvoip/Test_Set/CHOP/C_16_CHOP_ML.wav,,,,16,,,2.666666667,2.760416667,0.15613639699999998,TCDvoip,0.481543412,0.192657489,CHOP,64.0,,,,,,
,TCDvoip/Test_Set/CHOP/ref/R_17_CHOP_FA.wav,TCDvoip/Test_Set/CHOP/C_17_CHOP_FA.wav,,,,17,,,1.9583333330000001,2.052083333,0.162525414,TCDvoip,0.9078961190000001,0.36323409799999995,CHOP,47.0,,,,,,
,TCDvoip/Test_Set/CHOP/ref/R_17_CHOP_FG.wav,TCDvoip/Test_Set/CHOP/C_17_CHOP_FG.wav,,,,17,,,2.25,2.052083333,0.162525414,TCDvoip,0.8469895540000001,0.33886639700000004,CHOP,54.0,,,,,,
,TCDvoip/Test_Set/CHOP/ref/R_17_CHOP_MK.wav,TCDvoip/Test_Set/CHOP/C_17_CHOP_MK.wav,,,,17,,,2.125,2.052083333,0.162525414,TCDvoip,0.7974143,0.319032164,CHOP,51.0,,,,,,
,TCDvoip/Test_Set/CHOP/ref/R_17_CHOP_ML.wav,TCDvoip/Test_Set/CHOP/C_17_CHOP_ML.wav,,,,17,,,1.875,2.052083333,0.162525414,TCDvoip,0.74088666,0.296416398,CHOP,45.0,,,,,,
,TCDvoip/Test_Set/CHOP/ref/R_18_CHOP_FA.wav,TCDvoip/Test_Set/CHOP/C_18_CHOP_FA.wav,,,,18,,,1.9166666669999999,2.104166667,0.1707924,TCDvoip,0.880546602,0.35229201200000004,CHOP,46.0,,,,,,
,TCDvoip/Test_Set/CHOP/ref/R_18_CHOP_FG.wav,TCDvoip/Test_Set/CHOP/C_18_CHOP_FG.wav,,,,18,,,2.291666667,2.104166667,0.1707924,TCDvoip,0.7506036220000001,0.300303993,CHOP,55.0,,,,,,
,TCDvoip/Test_Set/CHOP/ref/R_18_CHOP_MK.wav,TCDvoip/Test_Set/CHOP/C_18_CHOP_MK.wav,,,,18,,,2.083333333,2.104166667,0.1707924,TCDvoip,0.928611243,0.37152187299999995,CHOP,50.0,,,,,,
,TCDvoip/Test_Set/CHOP/ref/R_18_CHOP_ML.wav,TCDvoip/Test_Set/CHOP/C_18_CHOP_ML.wav,,,,18,,,2.125,2.104166667,0.1707924,TCDvoip,0.899879219,0.36002667,CHOP,51.0,,,,,,
,TCDvoip/Test_Set/CHOP/ref/R_19_CHOP_FA.wav,TCDvoip/Test_Set/CHOP/C_19_CHOP_FA.wav,,,,19,,,2.541666667,2.583333333,0.17027780899999997,TCDvoip,0.8329709359999999,0.33325778100000003,CHOP,61.0,,,,,,
,TCDvoip/Test_Set/CHOP/ref/R_19_CHOP_FG.wav,TCDvoip/Test_Set/CHOP/C_19_CHOP_FG.wav,,,,19,,,2.541666667,2.583333333,0.17027780899999997,TCDvoip,0.7210600090000001,0.28848408600000003,CHOP,61.0,,,,,,
,TCDvoip/Test_Set/CHOP/ref/R_19_CHOP_MK.wav,TCDvoip/Test_Set/CHOP/C_19_CHOP_MK.wav,,,,19,,,2.541666667,2.583333333,0.17027780899999997,TCDvoip,0.931532943,0.372690797,CHOP,61.0,,,,,,
,TCDvoip/Test_Set/CHOP/ref/R_19_CHOP_ML.wav,TCDvoip/Test_Set/CHOP/C_19_CHOP_ML.wav,,,,19,,,2.708333333,2.583333333,0.17027780899999997,TCDvoip,0.9545846659999999,0.38191340700000004,CHOP,65.0,,,,,,
,TCDvoip/Test_Set/CHOP/ref/R_20_CHOP_FA.wav,TCDvoip/Test_Set/CHOP/C_20_CHOP_FA.wav,,,,20,,,1.9166666669999999,2.145833333,0.156529335,TCDvoip,0.928611243,0.37152187299999995,CHOP,46.0,,,,,,
,TCDvoip/Test_Set/CHOP/ref/R_20_CHOP_FG.wav,TCDvoip/Test_Set/CHOP/C_20_CHOP_FG.wav,,,,20,,,2.25,2.145833333,0.156529335,TCDvoip,0.7372097809999999,0.29494534,CHOP,54.0,,,,,,
,TCDvoip/Test_Set/CHOP/ref/R_20_CHOP_MK.wav,TCDvoip/Test_Set/CHOP/C_20_CHOP_MK.wav,,,,20,,,1.9166666669999999,2.145833333,0.156529335,TCDvoip,0.7172815020000001,0.28697236800000003,CHOP,46.0,,,,,,
,TCDvoip/Test_Set/CHOP/ref/R_20_CHOP_ML.wav,TCDvoip/Test_Set/CHOP/C_20_CHOP_ML.wav,,,,20,,,2.5,2.145833333,0.156529335,TCDvoip,0.7801894979999999,0.312140808,CHOP,60.0,,,,,,
,TCDvoip/Test_Set/CHOP/ref/R_21_CHOP_FA.wav,TCDvoip/Test_Set/CHOP/C_21_CHOP_FA.wav,,,,1,,,4.375,4.03125,0.162633369,TCDvoip,0.769669607,0.307931975,MNRU,105.0,,,,,,
,TCDvoip/Test_Set/CHOP/ref/R_21_CHOP_FG.wav,TCDvoip/Test_Set/CHOP/C_21_CHOP_FG.wav,,,,1,,,4.0,4.03125,0.162633369,TCDvoip,0.884651737,0.353934408,MNRU,96.0,,,,,,
,TCDvoip/Test_Set/CHOP/ref/R_21_CHOP_MK.wav,TCDvoip/Test_Set/CHOP/C_21_CHOP_MK.wav,,,,1,,,3.916666667,4.03125,0.162633369,TCDvoip,0.8297022340000001,0.331950028,MNRU,94.0,,,,,,
,TCDvoip/Test_Set/CHOP/ref/R_21_CHOP_ML.wav,TCDvoip/Test_Set/CHOP/C_21_CHOP_ML.wav,,,,1,,,3.833333333,4.03125,0.162633369,TCDvoip,0.8164965809999999,0.32666666699999997,MNRU,92.0,,,,,,
,TCDvoip/Test_Set/CHOP/ref/R_22_CHOP_FA.wav,TCDvoip/Test_Set/CHOP/C_22_CHOP_FA.wav,,,,2,,,3.416666667,3.59375,0.182756329,TCDvoip,0.8297022340000001,0.331950028,MNRU,82.0,,,,,,
,TCDvoip/Test_Set/CHOP/ref/R_22_CHOP_FG.wav,TCDvoip/Test_Set/CHOP/C_22_CHOP_FG.wav,,,,2,,,4.0,3.59375,0.182756329,TCDvoip,0.9780192940000001,0.391289211,MNRU,96.0,,,,,,
,TCDvoip/Test_Set/CHOP/ref/R_22_CHOP_MK.wav,TCDvoip/Test_Set/CHOP/C_22_CHOP_MK.wav,,,,2,,,3.583333333,3.59375,0.182756329,TCDvoip,1.017954755,0.407266723,MNRU,86.0,,,,,,
,TCDvoip/Test_Set/CHOP/ref/R_22_CHOP_ML.wav,TCDvoip/Test_Set/CHOP/C_22_CHOP_ML.wav,,,,2,,,3.375,3.59375,0.182756329,TCDvoip,0.875388113,0.350228186,MNRU,81.0,,,,,,
,TCDvoip/Test_Set/CHOP/ref/R_23_CHOP_FA.wav,TCDvoip/Test_Set/CHOP/C_23_CHOP_FA.wav,,,,3,,,2.416666667,2.385416667,0.16939941600000002,TCDvoip,0.8297022340000001,0.331950028,MNRU,58.0,,,,,,
,TCDvoip/Test_Set/CHOP/ref/R_23_CHOP_FG.wav,TCDvoip/Test_Set/CHOP/C_23_CHOP_FG.wav,,,,3,,,2.5,2.385416667,0.16939941600000002,TCDvoip,0.722315119,0.288986234,MNRU,60.0,,,,,,
,TCDvoip/Test_Set/CHOP/ref/R_23_CHOP_MK.wav,TCDvoip/Test_Set/CHOP/C_23_CHOP_MK.wav,,,,3,,,2.333333333,2.385416667,0.16939941600000002,TCDvoip,0.868114732,0.34731822799999995,MNRU,56.0,,,,,,
,TCDvoip/Test_Set/CHOP/ref/R_23_CHOP_ML.wav,TCDvoip/Test_Set/CHOP/C_23_CHOP_ML.wav,,,,3,,,2.291666667,2.385416667,0.16939941600000002,TCDvoip,0.999093792,0.399720766,MNRU,55.0,,,,,,
,TCDvoip/Test_Set/CHOP/ref/R_24_CHOP_FA.wav,TCDvoip/Test_Set/CHOP/C_24_CHOP_FA.wav,,,,4,,,1.5833333330000001,1.4791666669999999,0.12858149800000002,TCDvoip,0.775531608,0.310277264,MNRU,38.0,,,,,,
,TCDvoip/Test_Set/CHOP/ref/R_24_CHOP_FG.wav,TCDvoip/Test_Set/CHOP/C_24_CHOP_FG.wav,,,,4,,,1.291666667,1.4791666669999999,0.12858149800000002,TCDvoip,0.550032937,0.220059006,MNRU,31.0,,,,,,
,TCDvoip/Test_Set/CHOP/ref/R_24_CHOP_MK.wav,TCDvoip/Test_Set/CHOP/C_24_CHOP_MK.wav,,,,4,,,1.25,1.4791666669999999,0.12858149800000002,TCDvoip,0.531609533,0.212688109,MNRU,30.0,,,,,,
,TCDvoip/Test_Set/CHOP/ref/R_24_CHOP_ML.wav,TCDvoip/Test_Set/CHOP/C_24_CHOP_ML.wav,,,,4,,,1.7916666669999999,1.4791666669999999,0.12858149800000002,TCDvoip,0.7210600090000001,0.28848408600000003,MNRU,43.0,,,,,,
,TCDvoip/Test_Set/CLIP/ref/R_01_CLIP_FA.wav,TCDvoip/Test_Set/CLIP/C_01_CLIP_FA.wav,,,,1,,,4.625,4.604166667,0.10548668900000001,TCDvoip,0.494535355,0.19785534899999999,CLIP,111.0,,,,,,
,TCDvoip/Test_Set/CLIP/ref/R_01_CLIP_FG.wav,TCDvoip/Test_Set/CLIP/C_01_CLIP_FG.wav,,,,1,,,4.708333333,4.604166667,0.10548668900000001,TCDvoip,0.464305621,0.185760937,CLIP,113.0,,,,,,
,TCDvoip/Test_Set/CLIP/ref/R_01_CLIP_MK.wav,TCDvoip/Test_Set/CLIP/C_01_CLIP_MK.wav,,,,1,,,4.583333333,4.604166667,0.10548668900000001,TCDvoip,0.583592075,0.233485458,CLIP,110.0,,,,,,
,TCDvoip/Test_Set/CLIP/ref/R_01_CLIP_ML.wav,TCDvoip/Test_Set/CLIP/C_01_CLIP_ML.wav,,,,1,,,4.5,4.604166667,0.10548668900000001,TCDvoip,0.589767825,0.235956272,CLIP,108.0,,,,,,
,TCDvoip/Test_Set/CLIP/ref/R_02_CLIP_FA.wav,TCDvoip/Test_Set/CLIP/C_02_CLIP_FA.wav,,,,2,,,4.0,4.260416667,0.145909454,TCDvoip,0.932504808,0.373079624,CLIP,96.0,,,,,,
,TCDvoip/Test_Set/CLIP/ref/R_02_CLIP_FG.wav,TCDvoip/Test_Set/CLIP/C_02_CLIP_FG.wav,,,,2,,,4.125,4.260416667,0.145909454,TCDvoip,0.74088666,0.296416398,CLIP,99.0,,,,,,
,TCDvoip/Test_Set/CLIP/ref/R_02_CLIP_MK.wav,TCDvoip/Test_Set/CLIP/C_02_CLIP_MK.wav,,,,2,,,4.458333333,4.260416667,0.145909454,TCDvoip,0.65800533,0.26325696,CLIP,107.0,,,,,,
,TCDvoip/Test_Set/CLIP/ref/R_02_CLIP_ML.wav,TCDvoip/Test_Set/CLIP/C_02_CLIP_ML.wav,,,,2,,,4.458333333,4.260416667,0.145909454,TCDvoip,0.588229966,0.235341,CLIP,107.0,,,,,,
,TCDvoip/Test_Set/CLIP/ref/R_03_CLIP_FA.wav,TCDvoip/Test_Set/CLIP/C_03_CLIP_FA.wav,,,,3,,,3.791666667,4.15625,0.138250583,TCDvoip,0.8836272409999999,0.353524524,CLIP,91.0,,,,,,
,TCDvoip/Test_Set/CLIP/ref/R_03_CLIP_FG.wav,TCDvoip/Test_Set/CLIP/C_03_CLIP_FG.wav,,,,3,,,3.916666667,4.15625,0.138250583,TCDvoip,0.775531608,0.310277264,CLIP,94.0,,,,,,
,TCDvoip/Test_Set/CLIP/ref/R_03_CLIP_MK.wav,TCDvoip/Test_Set/CLIP/C_03_CLIP_MK.wav,,,,3,,,4.541666667,4.15625,0.138250583,TCDvoip,0.508977378,0.203633361,CLIP,109.0,,,,,,
,TCDvoip/Test_Set/CLIP/ref/R_03_CLIP_ML.wav,TCDvoip/Test_Set/CLIP/C_03_CLIP_ML.wav,,,,3,,,4.375,4.15625,0.138250583,TCDvoip,0.575779245,0.230359675,CLIP,105.0,,,,,,
,TCDvoip/Test_Set/CLIP/ref/R_04_CLIP_FA.wav,TCDvoip/Test_Set/CLIP/C_04_CLIP_FA.wav,,,,4,,,3.833333333,3.875,0.16365538400000001,TCDvoip,0.916831342,0.36680893200000003,CLIP,92.0,,,,,,
,TCDvoip/Test_Set/CLIP/ref/R_04_CLIP_FG.wav,TCDvoip/Test_Set/CLIP/C_04_CLIP_FG.wav,,,,4,,,3.291666667,3.875,0.16365538400000001,TCDvoip,0.85867272,0.34354063700000004,CLIP,79.0,,,,,,
,TCDvoip/Test_Set/CLIP/ref/R_04_CLIP_MK.wav,TCDvoip/Test_Set/CLIP/C_04_CLIP_MK.wav,,,,4,,,4.208333333,3.875,0.16365538400000001,TCDvoip,0.7790276359999999,0.311675967,CLIP,101.0,,,,,,
,TCDvoip/Test_Set/CLIP/ref/R_04_CLIP_ML.wav,TCDvoip/Test_Set/CLIP/C_04_CLIP_ML.wav,,,,4,,,4.166666667,3.875,0.16365538400000001,TCDvoip,0.7613869879999999,0.304618237,CLIP,100.0,,,,,,
,TCDvoip/Test_Set/CLIP/ref/R_05_CLIP_FA.wav,TCDvoip/Test_Set/CLIP/C_05_CLIP_FA.wav,,,,5,,,3.541666667,3.583333333,0.154156685,TCDvoip,0.8329709359999999,0.33325778100000003,CLIP,85.0,,,,,,
,TCDvoip/Test_Set/CLIP/ref/R_05_CLIP_FG.wav,TCDvoip/Test_Set/CLIP/C_05_CLIP_FG.wav,,,,5,,,2.875,3.583333333,0.154156685,TCDvoip,0.612372436,0.245,CLIP,69.0,,,,,,
,TCDvoip/Test_Set/CLIP/ref/R_05_CLIP_MK.wav,TCDvoip/Test_Set/CLIP/C_05_CLIP_MK.wav,,,,5,,,3.916666667,3.583333333,0.154156685,TCDvoip,0.928611243,0.37152187299999995,CLIP,94.0,,,,,,
,TCDvoip/Test_Set/CLIP/ref/R_05_CLIP_ML.wav,TCDvoip/Test_Set/CLIP/C_05_CLIP_ML.wav,,,,5,,,4.0,3.583333333,0.154156685,TCDvoip,0.722315119,0.288986234,CLIP,96.0,,,,,,
,TCDvoip/Test_Set/CLIP/ref/R_06_CLIP_FA.wav,TCDvoip/Test_Set/CLIP/C_06_CLIP_FA.wav,,,,6,,,3.041666667,3.260416667,0.165309319,TCDvoip,0.9078961190000001,0.36323409799999995,CLIP,73.0,,,,,,
,TCDvoip/Test_Set/CLIP/ref/R_06_CLIP_FG.wav,TCDvoip/Test_Set/CLIP/C_06_CLIP_FG.wav,,,,6,,,2.708333333,3.260416667,0.165309319,TCDvoip,0.690253052,0.276158736,CLIP,65.0,,,,,,
,TCDvoip/Test_Set/CLIP/ref/R_06_CLIP_MK.wav,TCDvoip/Test_Set/CLIP/C_06_CLIP_MK.wav,,,,6,,,3.666666667,3.260416667,0.165309319,TCDvoip,0.8164965809999999,0.32666666699999997,CLIP,88.0,,,,,,
,TCDvoip/Test_Set/CLIP/ref/R_06_CLIP_ML.wav,TCDvoip/Test_Set/CLIP/C_06_CLIP_ML.wav,,,,6,,,3.625,3.260416667,0.165309319,TCDvoip,0.923721208,0.369565452,CLIP,87.0,,,,,,
,TCDvoip/Test_Set/CLIP/ref/R_07_CLIP_FA.wav,TCDvoip/Test_Set/CLIP/C_07_CLIP_FA.wav,,,,7,,,3.458333333,3.354166667,0.170997803,TCDvoip,1.102533315,0.441105194,CLIP,83.0,,,,,,
,TCDvoip/Test_Set/CLIP/ref/R_07_CLIP_FG.wav,TCDvoip/Test_Set/CLIP/C_07_CLIP_FG.wav,,,,7,,,2.5,3.354166667,0.170997803,TCDvoip,0.7801894979999999,0.312140808,CLIP,60.0,,,,,,
,TCDvoip/Test_Set/CLIP/ref/R_07_CLIP_MK.wav,TCDvoip/Test_Set/CLIP/C_07_CLIP_MK.wav,,,,7,,,3.75,3.354166667,0.170997803,TCDvoip,0.7372097809999999,0.29494534,CLIP,90.0,,,,,,
,TCDvoip/Test_Set/CLIP/ref/R_07_CLIP_ML.wav,TCDvoip/Test_Set/CLIP/C_07_CLIP_ML.wav,,,,7,,,3.708333333,3.354166667,0.170997803,TCDvoip,0.8064504440000001,0.322647375,CLIP,89.0,,,,,,
,TCDvoip/Test_Set/CLIP/ref/R_08_CLIP_FA.wav,TCDvoip/Test_Set/CLIP/C_08_CLIP_FA.wav,,,,8,,,2.666666667,2.9375,0.17585551100000002,TCDvoip,0.916831342,0.36680893200000003,CLIP,64.0,,,,,,
,TCDvoip/Test_Set/CLIP/ref/R_08_CLIP_FG.wav,TCDvoip/Test_Set/CLIP/C_08_CLIP_FG.wav,,,,8,,,2.25,2.9375,0.17585551100000002,TCDvoip,0.7372097809999999,0.29494534,CLIP,54.0,,,,,,
,TCDvoip/Test_Set/CLIP/ref/R_08_CLIP_MK.wav,TCDvoip/Test_Set/CLIP/C_08_CLIP_MK.wav,,,,8,,,3.208333333,2.9375,0.17585551100000002,TCDvoip,0.931532943,0.372690797,CLIP,77.0,,,,,,
,TCDvoip/Test_Set/CLIP/ref/R_08_CLIP_ML.wav,TCDvoip/Test_Set/CLIP/C_08_CLIP_ML.wav,,,,8,,,3.625,2.9375,0.17585551100000002,TCDvoip,0.9696480759999999,0.387940026,CLIP,87.0,,,,,,
,TCDvoip/Test_Set/CLIP/ref/R_09_CLIP_FA.wav,TCDvoip/Test_Set/CLIP/C_09_CLIP_FA.wav,,,,9,,,1.75,2.395833333,0.170997803,TCDvoip,0.944089163,0.377714331,CLIP,42.0,,,,,,
,TCDvoip/Test_Set/CLIP/ref/R_09_CLIP_FG.wav,TCDvoip/Test_Set/CLIP/C_09_CLIP_FG.wav,,,,9,,,2.0,2.395833333,0.170997803,TCDvoip,0.722315119,0.288986234,CLIP,48.0,,,,,,
,TCDvoip/Test_Set/CLIP/ref/R_09_CLIP_MK.wav,TCDvoip/Test_Set/CLIP/C_09_CLIP_MK.wav,,,,9,,,2.791666667,2.395833333,0.170997803,TCDvoip,0.8836272409999999,0.353524524,CLIP,67.0,,,,,,
,TCDvoip/Test_Set/CLIP/ref/R_09_CLIP_ML.wav,TCDvoip/Test_Set/CLIP/C_09_CLIP_ML.wav,,,,9,,,3.041666667,2.395833333,0.170997803,TCDvoip,0.9078961190000001,0.36323409799999995,CLIP,73.0,,,,,,
,TCDvoip/Test_Set/CLIP/ref/R_10_CLIP_FA.wav,TCDvoip/Test_Set/CLIP/C_10_CLIP_FA.wav,,,,10,,,1.5416666669999999,1.6770833330000001,0.15076062,TCDvoip,0.7790276359999999,0.311675967,CLIP,37.0,,,,,,
,TCDvoip/Test_Set/CLIP/ref/R_10_CLIP_FG.wav,TCDvoip/Test_Set/CLIP/C_10_CLIP_FG.wav,,,,10,,,1.166666667,1.6770833330000001,0.15076062,TCDvoip,0.38069349399999997,0.152309119,CLIP,28.0,,,,,,
,TCDvoip/Test_Set/CLIP/ref/R_10_CLIP_MK.wav,TCDvoip/Test_Set/CLIP/C_10_CLIP_MK.wav,,,,10,,,1.8333333330000001,1.6770833330000001,0.15076062,TCDvoip,0.637022057,0.254861903,CLIP,44.0,,,,,,
,TCDvoip/Test_Set/CLIP/ref/R_10_CLIP_ML.wav,TCDvoip/Test_Set/CLIP/C_10_CLIP_ML.wav,,,,10,,,2.166666667,1.6770833330000001,0.15076062,TCDvoip,1.090140265,0.43614694200000004,CLIP,52.0,,,,,,
,TCDvoip/Test_Set/CLIP/ref/R_11_CLIP_FA.wav,TCDvoip/Test_Set/CLIP/C_11_CLIP_FA.wav,,,,5,,,3.958333333,4.0625,0.163976803,TCDvoip,0.9078961190000001,0.36323409799999995,MNRU,95.0,,,,,,
,TCDvoip/Test_Set/CLIP/ref/R_11_CLIP_FG.wav,TCDvoip/Test_Set/CLIP/C_11_CLIP_FG.wav,,,,5,,,4.041666667,4.0625,0.163976803,TCDvoip,0.9078961190000001,0.36323409799999995,MNRU,97.0,,,,,,
,TCDvoip/Test_Set/CLIP/ref/R_11_CLIP_MK.wav,TCDvoip/Test_Set/CLIP/C_11_CLIP_MK.wav,,,,5,,,4.291666667,4.0625,0.163976803,TCDvoip,0.8064504440000001,0.322647375,MNRU,103.0,,,,,,
,TCDvoip/Test_Set/CLIP/ref/R_11_CLIP_ML.wav,TCDvoip/Test_Set/CLIP/C_11_CLIP_ML.wav,,,,5,,,3.958333333,4.0625,0.163976803,TCDvoip,0.690253052,0.276158736,MNRU,95.0,,,,,,
,TCDvoip/Test_Set/CLIP/ref/R_12_CLIP_FA.wav,TCDvoip/Test_Set/CLIP/C_12_CLIP_FA.wav,,,,6,,,3.541666667,3.614583333,0.165096839,TCDvoip,0.8836272409999999,0.353524524,MNRU,85.0,,,,,,
,TCDvoip/Test_Set/CLIP/ref/R_12_CLIP_FG.wav,TCDvoip/Test_Set/CLIP/C_12_CLIP_FG.wav,,,,6,,,3.458333333,3.614583333,0.165096839,TCDvoip,0.8329709359999999,0.33325778100000003,MNRU,83.0,,,,,,
,TCDvoip/Test_Set/CLIP/ref/R_12_CLIP_MK.wav,TCDvoip/Test_Set/CLIP/C_12_CLIP_MK.wav,,,,6,,,3.416666667,3.614583333,0.165096839,TCDvoip,0.8297022340000001,0.331950028,MNRU,82.0,,,,,,
,TCDvoip/Test_Set/CLIP/ref/R_12_CLIP_ML.wav,TCDvoip/Test_Set/CLIP/C_12_CLIP_ML.wav,,,,6,,,4.041666667,3.614583333,0.165096839,TCDvoip,0.8064504440000001,0.322647375,MNRU,97.0,,,,,,
,TCDvoip/Test_Set/CLIP/ref/R_13_CLIP_FA.wav,TCDvoip/Test_Set/CLIP/C_13_CLIP_FA.wav,,,,7,,,2.833333333,2.822916667,0.15076062,TCDvoip,0.7019641179999999,0.280844138,MNRU,68.0,,,,,,
,TCDvoip/Test_Set/CLIP/ref/R_13_CLIP_FG.wav,TCDvoip/Test_Set/CLIP/C_13_CLIP_FG.wav,,,,7,,,2.833333333,2.822916667,0.15076062,TCDvoip,0.7613869879999999,0.304618237,MNRU,68.0,,,,,,
,TCDvoip/Test_Set/CLIP/ref/R_13_CLIP_MK.wav,TCDvoip/Test_Set/CLIP/C_13_CLIP_MK.wav,,,,7,,,2.833333333,2.822916667,0.15076062,TCDvoip,0.8164965809999999,0.32666666699999997,MNRU,68.0,,,,,,
,TCDvoip/Test_Set/CLIP/ref/R_13_CLIP_ML.wav,TCDvoip/Test_Set/CLIP/C_13_CLIP_ML.wav,,,,7,,,2.791666667,2.822916667,0.15076062,TCDvoip,0.7790276359999999,0.311675967,MNRU,67.0,,,,,,
,TCDvoip/Test_Set/CLIP/ref/R_14_CLIP_FA.wav,TCDvoip/Test_Set/CLIP/C_14_CLIP_FA.wav,,,,8,,,1.375,1.4895833330000001,0.12603098199999999,TCDvoip,0.575779245,0.230359675,MNRU,33.0,,,,,,
,TCDvoip/Test_Set/CLIP/ref/R_14_CLIP_FG.wav,TCDvoip/Test_Set/CLIP/C_14_CLIP_FG.wav,,,,8,,,1.375,1.4895833330000001,0.12603098199999999,TCDvoip,0.646898957,0.25881348600000004,MNRU,33.0,,,,,,
,TCDvoip/Test_Set/CLIP/ref/R_14_CLIP_MK.wav,TCDvoip/Test_Set/CLIP/C_14_CLIP_MK.wav,,,,8,,,1.4583333330000001,1.4895833330000001,0.12603098199999999,TCDvoip,0.508977378,0.203633361,MNRU,35.0,,,,,,
,TCDvoip/Test_Set/CLIP/ref/R_14_CLIP_ML.wav,TCDvoip/Test_Set/CLIP/C_14_CLIP_ML.wav,,,,8,,,1.75,1.4895833330000001,0.12603098199999999,TCDvoip,0.793999233,0.317665853,MNRU,42.0,,,,,,
,TCDvoip/Test_Set/COMPSPKR/ref/R_01_COMPSPKR_FA.wav,TCDvoip/Test_Set/COMPSPKR/C_01_COMPSPKR_FA.wav,,,,1,,,4.666666667,4.552083333,0.12864973,TCDvoip,0.7019641179999999,0.280844138,COMPSPKR,112.0,,,,,,
,TCDvoip/Test_Set/COMPSPKR/ref/R_01_COMPSPKR_FG.wav,TCDvoip/Test_Set/COMPSPKR/C_01_COMPSPKR_FG.wav,,,,1,,,4.541666667,4.552083333,0.12864973,TCDvoip,0.65800533,0.26325696,COMPSPKR,109.0,,,,,,
,TCDvoip/Test_Set/COMPSPKR/ref/R_01_COMPSPKR_MK.wav,TCDvoip/Test_Set/COMPSPKR/C_01_COMPSPKR_MK.wav,,,,1,,,4.5,4.552083333,0.12864973,TCDvoip,0.589767825,0.235956272,COMPSPKR,108.0,,,,,,
,TCDvoip/Test_Set/COMPSPKR/ref/R_01_COMPSPKR_ML.wav,TCDvoip/Test_Set/COMPSPKR/C_01_COMPSPKR_ML.wav,,,,1,,,4.5,4.552083333,0.12864973,TCDvoip,0.659380473,0.263807132,COMPSPKR,108.0,,,,,,
,TCDvoip/Test_Set/COMPSPKR/ref/R_02_COMPSPKR_FA.wav,TCDvoip/Test_Set/COMPSPKR/C_02_COMPSPKR_FA.wav,,,,2,,,4.291666667,4.083333333,0.14451952099999998,TCDvoip,0.624093546,0.24968942100000002,COMPSPKR,103.0,,,,,,
,TCDvoip/Test_Set/COMPSPKR/ref/R_02_COMPSPKR_FG.wav,TCDvoip/Test_Set/COMPSPKR/C_02_COMPSPKR_FG.wav,,,,2,,,3.916666667,4.083333333,0.14451952099999998,TCDvoip,0.775531608,0.310277264,COMPSPKR,94.0,,,,,,
,TCDvoip/Test_Set/COMPSPKR/ref/R_02_COMPSPKR_MK.wav,TCDvoip/Test_Set/COMPSPKR/C_02_COMPSPKR_MK.wav,,,,2,,,4.083333333,4.083333333,0.14451952099999998,TCDvoip,0.7172815020000001,0.28697236800000003,COMPSPKR,98.0,,,,,,
,TCDvoip/Test_Set/COMPSPKR/ref/R_02_COMPSPKR_ML.wav,TCDvoip/Test_Set/COMPSPKR/C_02_COMPSPKR_ML.wav,,,,2,,,4.041666667,4.083333333,0.14451952099999998,TCDvoip,0.8064504440000001,0.322647375,COMPSPKR,97.0,,,,,,
,TCDvoip/Test_Set/COMPSPKR/ref/R_03_COMPSPKR_FA.wav,TCDvoip/Test_Set/COMPSPKR/C_03_COMPSPKR_FA.wav,,,,3,,,4.333333333,4.15625,0.149709197,TCDvoip,0.637022057,0.254861903,COMPSPKR,104.0,,,,,,
,TCDvoip/Test_Set/COMPSPKR/ref/R_03_COMPSPKR_FG.wav,TCDvoip/Test_Set/COMPSPKR/C_03_COMPSPKR_FG.wav,,,,3,,,4.041666667,4.15625,0.149709197,TCDvoip,0.7506036220000001,0.300303993,COMPSPKR,97.0,,,,,,
,TCDvoip/Test_Set/COMPSPKR/ref/R_03_COMPSPKR_MK.wav,TCDvoip/Test_Set/COMPSPKR/C_03_COMPSPKR_MK.wav,,,,3,,,4.208333333,4.15625,0.149709197,TCDvoip,0.7790276359999999,0.311675967,COMPSPKR,101.0,,,,,,
,TCDvoip/Test_Set/COMPSPKR/ref/R_03_COMPSPKR_ML.wav,TCDvoip/Test_Set/COMPSPKR/C_03_COMPSPKR_ML.wav,,,,3,,,4.041666667,4.15625,0.149709197,TCDvoip,0.85867272,0.34354063700000004,COMPSPKR,97.0,,,,,,
,TCDvoip/Test_Set/COMPSPKR/ref/R_04_COMPSPKR_FA.wav,TCDvoip/Test_Set/COMPSPKR/C_04_COMPSPKR_FA.wav,,,,4,,,3.666666667,3.604166667,0.167366863,TCDvoip,0.8164965809999999,0.32666666699999997,COMPSPKR,88.0,,,,,,
,TCDvoip/Test_Set/COMPSPKR/ref/R_04_COMPSPKR_FG.wav,TCDvoip/Test_Set/COMPSPKR/C_04_COMPSPKR_FG.wav,,,,4,,,3.5,3.604166667,0.167366863,TCDvoip,0.8340576559999999,0.33369256,COMPSPKR,84.0,,,,,,
,TCDvoip/Test_Set/COMPSPKR/ref/R_04_COMPSPKR_MK.wav,TCDvoip/Test_Set/COMPSPKR/C_04_COMPSPKR_MK.wav,,,,4,,,3.583333333,3.604166667,0.167366863,TCDvoip,0.880546602,0.35229201200000004,COMPSPKR,86.0,,,,,,
,TCDvoip/Test_Set/COMPSPKR/ref/R_04_COMPSPKR_ML.wav,TCDvoip/Test_Set/COMPSPKR/C_04_COMPSPKR_ML.wav,,,,4,,,3.666666667,3.604166667,0.167366863,TCDvoip,0.868114732,0.34731822799999995,COMPSPKR,88.0,,,,,,
,TCDvoip/Test_Set/COMPSPKR/ref/R_05_COMPSPKR_FA.wav,TCDvoip/Test_Set/COMPSPKR/C_05_COMPSPKR_FA.wav,,,,5,,,3.583333333,3.479166667,0.157423796,TCDvoip,0.775531608,0.310277264,COMPSPKR,86.0,,,,,,
,TCDvoip/Test_Set/COMPSPKR/ref/R_05_COMPSPKR_FG.wav,TCDvoip/Test_Set/COMPSPKR/C_05_COMPSPKR_FG.wav,,,,5,,,3.583333333,3.479166667,0.157423796,TCDvoip,0.8297022340000001,0.331950028,COMPSPKR,86.0,,,,,,
,TCDvoip/Test_Set/COMPSPKR/ref/R_05_COMPSPKR_MK.wav,TCDvoip/Test_Set/COMPSPKR/C_05_COMPSPKR_MK.wav,,,,5,,,3.416666667,3.479166667,0.157423796,TCDvoip,0.775531608,0.310277264,COMPSPKR,82.0,,,,,,
,TCDvoip/Test_Set/COMPSPKR/ref/R_05_COMPSPKR_ML.wav,TCDvoip/Test_Set/COMPSPKR/C_05_COMPSPKR_ML.wav,,,,5,,,3.333333333,3.479166667,0.157423796,TCDvoip,0.8164965809999999,0.32666666699999997,COMPSPKR,80.0,,,,,,
,TCDvoip/Test_Set/COMPSPKR/ref/R_06_COMPSPKR_FA.wav,TCDvoip/Test_Set/COMPSPKR/C_06_COMPSPKR_FA.wav,,,,6,,,3.791666667,3.625,0.17027780899999997,TCDvoip,0.8836272409999999,0.353524524,COMPSPKR,91.0,,,,,,
,TCDvoip/Test_Set/COMPSPKR/ref/R_06_COMPSPKR_FG.wav,TCDvoip/Test_Set/COMPSPKR/C_06_COMPSPKR_FG.wav,,,,6,,,3.458333333,3.625,0.17027780899999997,TCDvoip,0.931532943,0.372690797,COMPSPKR,83.0,,,,,,
,TCDvoip/Test_Set/COMPSPKR/ref/R_06_COMPSPKR_MK.wav,TCDvoip/Test_Set/COMPSPKR/C_06_COMPSPKR_MK.wav,,,,6,,,3.541666667,3.625,0.17027780899999997,TCDvoip,0.7210600090000001,0.28848408600000003,COMPSPKR,85.0,,,,,,
,TCDvoip/Test_Set/COMPSPKR/ref/R_06_COMPSPKR_ML.wav,TCDvoip/Test_Set/COMPSPKR/C_06_COMPSPKR_ML.wav,,,,6,,,3.708333333,3.625,0.17027780899999997,TCDvoip,0.9078961190000001,0.36323409799999995,COMPSPKR,89.0,,,,,,
,TCDvoip/Test_Set/COMPSPKR/ref/R_07_COMPSPKR_FA.wav,TCDvoip/Test_Set/COMPSPKR/C_07_COMPSPKR_FA.wav,,,,7,,,2.708333333,2.78125,0.170946475,TCDvoip,0.8064504440000001,0.322647375,COMPSPKR,65.0,,,,,,
,TCDvoip/Test_Set/COMPSPKR/ref/R_07_COMPSPKR_FG.wav,TCDvoip/Test_Set/COMPSPKR/C_07_COMPSPKR_FG.wav,,,,7,,,2.458333333,2.78125,0.170946475,TCDvoip,0.8836272409999999,0.353524524,COMPSPKR,59.0,,,,,,
,TCDvoip/Test_Set/COMPSPKR/ref/R_07_COMPSPKR_MK.wav,TCDvoip/Test_Set/COMPSPKR/C_07_COMPSPKR_MK.wav,,,,7,,,2.875,2.78125,0.170946475,TCDvoip,0.8501917940000001,0.34014756,COMPSPKR,69.0,,,,,,
,TCDvoip/Test_Set/COMPSPKR/ref/R_07_COMPSPKR_ML.wav,TCDvoip/Test_Set/COMPSPKR/C_07_COMPSPKR_ML.wav,,,,7,,,3.083333333,2.78125,0.170946475,TCDvoip,0.928611243,0.37152187299999995,COMPSPKR,74.0,,,,,,
,TCDvoip/Test_Set/COMPSPKR/ref/R_08_COMPSPKR_FA.wav,TCDvoip/Test_Set/COMPSPKR/C_08_COMPSPKR_FA.wav,,,,8,,,3.0,2.90625,0.20408068399999998,TCDvoip,1.103354569,0.441433764,COMPSPKR,72.0,,,,,,
,TCDvoip/Test_Set/COMPSPKR/ref/R_08_COMPSPKR_FG.wav,TCDvoip/Test_Set/COMPSPKR/C_08_COMPSPKR_FG.wav,,,,8,,,3.125,2.90625,0.20408068399999998,TCDvoip,1.226961606,0.490886879,COMPSPKR,75.0,,,,,,
,TCDvoip/Test_Set/COMPSPKR/ref/R_08_COMPSPKR_MK.wav,TCDvoip/Test_Set/COMPSPKR/C_08_COMPSPKR_MK.wav,,,,8,,,2.625,2.90625,0.20408068399999998,TCDvoip,0.769669607,0.307931975,COMPSPKR,63.0,,,,,,
,TCDvoip/Test_Set/COMPSPKR/ref/R_08_COMPSPKR_ML.wav,TCDvoip/Test_Set/COMPSPKR/C_08_COMPSPKR_ML.wav,,,,8,,,2.875,2.90625,0.20408068399999998,TCDvoip,0.9918143229999999,0.396808372,COMPSPKR,69.0,,,,,,
,TCDvoip/Test_Set/COMPSPKR/ref/R_09_COMPSPKR_FA.wav,TCDvoip/Test_Set/COMPSPKR/C_09_COMPSPKR_FA.wav,,,,9,,,3.083333333,2.947916667,0.177494646,TCDvoip,0.8297022340000001,0.331950028,COMPSPKR,74.0,,,,,,
,TCDvoip/Test_Set/COMPSPKR/ref/R_09_COMPSPKR_FG.wav,TCDvoip/Test_Set/COMPSPKR/C_09_COMPSPKR_FG.wav,,,,9,,,2.75,2.947916667,0.177494646,TCDvoip,0.98907071,0.39571069799999997,COMPSPKR,66.0,,,,,,
,TCDvoip/Test_Set/COMPSPKR/ref/R_09_COMPSPKR_MK.wav,TCDvoip/Test_Set/COMPSPKR/C_09_COMPSPKR_MK.wav,,,,9,,,3.083333333,2.947916667,0.177494646,TCDvoip,0.7172815020000001,0.28697236800000003,COMPSPKR,74.0,,,,,,
,TCDvoip/Test_Set/COMPSPKR/ref/R_09_COMPSPKR_ML.wav,TCDvoip/Test_Set/COMPSPKR/C_09_COMPSPKR_ML.wav,,,,9,,,2.875,2.947916667,0.177494646,TCDvoip,1.034723235,0.41397551200000005,COMPSPKR,69.0,,,,,,
,TCDvoip/Test_Set/COMPSPKR/ref/R_10_COMPSPKR_FA.wav,TCDvoip/Test_Set/COMPSPKR/C_10_COMPSPKR_FA.wav,,,,10,,,1.9166666669999999,1.8125,0.17764290800000002,TCDvoip,0.880546602,0.35229201200000004,COMPSPKR,46.0,,,,,,
,TCDvoip/Test_Set/COMPSPKR/ref/R_10_COMPSPKR_FG.wav,TCDvoip/Test_Set/COMPSPKR/C_10_COMPSPKR_FG.wav,,,,10,,,1.875,1.8125,0.17764290800000002,TCDvoip,0.899879219,0.36002667,COMPSPKR,45.0,,,,,,
,TCDvoip/Test_Set/COMPSPKR/ref/R_10_COMPSPKR_MK.wav,TCDvoip/Test_Set/COMPSPKR/C_10_COMPSPKR_MK.wav,,,,10,,,1.5833333330000001,1.8125,0.17764290800000002,TCDvoip,0.8297022340000001,0.331950028,COMPSPKR,38.0,,,,,,
,TCDvoip/Test_Set/COMPSPKR/ref/R_10_COMPSPKR_ML.wav,TCDvoip/Test_Set/COMPSPKR/C_10_COMPSPKR_ML.wav,,,,10,,,1.875,1.8125,0.17764290800000002,TCDvoip,0.9918143229999999,0.396808372,COMPSPKR,45.0,,,,,,
,TCDvoip/Test_Set/COMPSPKR/ref/R_11_COMPSPKR_FA.wav,TCDvoip/Test_Set/COMPSPKR/C_11_COMPSPKR_FA.wav,,,,9,,,4.166666667,4.083333333,0.19180003,TCDvoip,0.916831342,0.36680893200000003,MNRU,100.0,,,,,,
,TCDvoip/Test_Set/COMPSPKR/ref/R_11_COMPSPKR_FG.wav,TCDvoip/Test_Set/COMPSPKR/C_11_COMPSPKR_FG.wav,,,,9,,,4.166666667,4.083333333,0.19180003,TCDvoip,1.00722031,0.40297205,MNRU,100.0,,,,,,
,TCDvoip/Test_Set/COMPSPKR/ref/R_11_COMPSPKR_MK.wav,TCDvoip/Test_Set/COMPSPKR/C_11_COMPSPKR_MK.wav,,,,9,,,3.833333333,4.083333333,0.19180003,TCDvoip,1.090140265,0.43614694200000004,MNRU,92.0,,,,,,
,TCDvoip/Test_Set/COMPSPKR/ref/R_11_COMPSPKR_ML.wav,TCDvoip/Test_Set/COMPSPKR/C_11_COMPSPKR_ML.wav,,,,9,,,4.166666667,4.083333333,0.19180003,TCDvoip,0.868114732,0.34731822799999995,MNRU,100.0,,,,,,
,TCDvoip/Test_Set/COMPSPKR/ref/R_12_COMPSPKR_FA.wav,TCDvoip/Test_Set/COMPSPKR/C_12_COMPSPKR_FA.wav,,,,10,,,3.708333333,3.75,0.19889780399999998,TCDvoip,0.9545846659999999,0.38191340700000004,MNRU,89.0,,,,,,
,TCDvoip/Test_Set/COMPSPKR/ref/R_12_COMPSPKR_FG.wav,TCDvoip/Test_Set/COMPSPKR/C_12_COMPSPKR_FG.wav,,,,10,,,3.625,3.75,0.19889780399999998,TCDvoip,1.013495887,0.405482804,MNRU,87.0,,,,,,
,TCDvoip/Test_Set/COMPSPKR/ref/R_12_COMPSPKR_MK.wav,TCDvoip/Test_Set/COMPSPKR/C_12_COMPSPKR_MK.wav,,,,10,,,3.666666667,3.75,0.19889780399999998,TCDvoip,1.2038585309999998,0.48164372299999997,MNRU,88.0,,,,,,
,TCDvoip/Test_Set/COMPSPKR/ref/R_12_COMPSPKR_ML.wav,TCDvoip/Test_Set/COMPSPKR/C_12_COMPSPKR_ML.wav,,,,10,,,4.0,3.75,0.19889780399999998,TCDvoip,0.8340576559999999,0.33369256,MNRU,96.0,,,,,,
,TCDvoip/Test_Set/COMPSPKR/ref/R_13_COMPSPKR_FA.wav,TCDvoip/Test_Set/COMPSPKR/C_13_COMPSPKR_FA.wav,,,,11,,,2.791666667,2.947916667,0.191845778,TCDvoip,0.9770926999999999,0.390918496,MNRU,67.0,,,,,,
,TCDvoip/Test_Set/COMPSPKR/ref/R_13_COMPSPKR_FG.wav,TCDvoip/Test_Set/COMPSPKR/C_13_COMPSPKR_FG.wav,,,,11,,,2.75,2.947916667,0.191845778,TCDvoip,0.98907071,0.39571069799999997,MNRU,66.0,,,,,,
,TCDvoip/Test_Set/COMPSPKR/ref/R_13_COMPSPKR_MK.wav,TCDvoip/Test_Set/COMPSPKR/C_13_COMPSPKR_MK.wav,,,,11,,,3.041666667,2.947916667,0.191845778,TCDvoip,1.041702898,0.41676795899999997,MNRU,73.0,,,,,,
,TCDvoip/Test_Set/COMPSPKR/ref/R_13_COMPSPKR_ML.wav,TCDvoip/Test_Set/COMPSPKR/C_13_COMPSPKR_ML.wav,,,,11,,,3.208333333,2.947916667,0.191845778,TCDvoip,0.8836272409999999,0.353524524,MNRU,77.0,,,,,,
,TCDvoip/Test_Set/COMPSPKR/ref/R_14_COMPSPKR_FA.wav,TCDvoip/Test_Set/COMPSPKR/C_14_COMPSPKR_FA.wav,,,,12,,,1.625,1.6770833330000001,0.1686726,TCDvoip,0.875388113,0.350228186,MNRU,39.0,,,,,,
,TCDvoip/Test_Set/COMPSPKR/ref/R_14_COMPSPKR_FG.wav,TCDvoip/Test_Set/COMPSPKR/C_14_COMPSPKR_FG.wav,,,,12,,,1.6666666669999999,1.6770833330000001,0.1686726,TCDvoip,0.868114732,0.34731822799999995,MNRU,40.0,,,,,,
,TCDvoip/Test_Set/COMPSPKR/ref/R_14_COMPSPKR_MK.wav,TCDvoip/Test_Set/COMPSPKR/C_14_COMPSPKR_MK.wav,,,,12,,,1.5416666669999999,1.6770833330000001,0.1686726,TCDvoip,0.65800533,0.26325696,MNRU,37.0,,,,,,
,TCDvoip/Test_Set/COMPSPKR/ref/R_14_COMPSPKR_ML.wav,TCDvoip/Test_Set/COMPSPKR/C_14_COMPSPKR_ML.wav,,,,12,,,1.875,1.6770833330000001,0.1686726,TCDvoip,0.9918143229999999,0.396808372,MNRU,45.0,,,,,,
,TCDvoip/Test_Set/NOISE/ref/R_01_NOISE_FA.wav,TCDvoip/Test_Set/NOISE/C_01_NOISE_FA.wav,,,,1,,,4.583333333,4.65625,0.111708915,TCDvoip,0.7172815020000001,0.28697236800000003,NOISE,110.0,,,,,,
,TCDvoip/Test_Set/NOISE/ref/R_01_NOISE_FG.wav,TCDvoip/Test_Set/NOISE/C_01_NOISE_FG.wav,,,,1,,,4.833333333,4.65625,0.111708915,TCDvoip,0.481543412,0.192657489,NOISE,116.0,,,,,,
,TCDvoip/Test_Set/NOISE/ref/R_01_NOISE_MK.wav,TCDvoip/Test_Set/NOISE/C_01_NOISE_MK.wav,,,,1,,,4.75,4.65625,0.111708915,TCDvoip,0.44232586799999996,0.176967204,NOISE,114.0,,,,,,
,TCDvoip/Test_Set/NOISE/ref/R_01_NOISE_ML.wav,TCDvoip/Test_Set/NOISE/C_01_NOISE_ML.wav,,,,1,,,4.458333333,4.65625,0.111708915,TCDvoip,0.588229966,0.235341,NOISE,107.0,,,,,,
,TCDvoip/Test_Set/NOISE/ref/R_02_NOISE_FA.wav,TCDvoip/Test_Set/NOISE/C_02_NOISE_FA.wav,,,,2,,,4.416666667,4.458333333,0.124700987,TCDvoip,0.653862548,0.261599502,NOISE,106.0,,,,,,
,TCDvoip/Test_Set/NOISE/ref/R_02_NOISE_FG.wav,TCDvoip/Test_Set/NOISE/C_02_NOISE_FG.wav,,,,2,,,4.625,4.458333333,0.124700987,TCDvoip,0.646898957,0.25881348600000004,NOISE,111.0,,,,,,
,TCDvoip/Test_Set/NOISE/ref/R_02_NOISE_MK.wav,TCDvoip/Test_Set/NOISE/C_02_NOISE_MK.wav,,,,2,,,4.416666667,4.458333333,0.124700987,TCDvoip,0.653862548,0.261599502,NOISE,106.0,,,,,,
,TCDvoip/Test_Set/NOISE/ref/R_02_NOISE_ML.wav,TCDvoip/Test_Set/NOISE/C_02_NOISE_ML.wav,,,,2,,,4.375,4.458333333,0.124700987,TCDvoip,0.575779245,0.230359675,NOISE,105.0,,,,,,
,TCDvoip/Test_Set/NOISE/ref/R_03_NOISE_FA.wav,TCDvoip/Test_Set/NOISE/C_03_NOISE_FA.wav,,,,3,,,4.5,4.489583333,0.13581708,TCDvoip,0.659380473,0.263807132,NOISE,108.0,,,,,,
,TCDvoip/Test_Set/NOISE/ref/R_03_NOISE_FG.wav,TCDvoip/Test_Set/NOISE/C_03_NOISE_FG.wav,,,,3,,,4.541666667,4.489583333,0.13581708,TCDvoip,0.65800533,0.26325696,NOISE,109.0,,,,,,
,TCDvoip/Test_Set/NOISE/ref/R_03_NOISE_MK.wav,TCDvoip/Test_Set/NOISE/C_03_NOISE_MK.wav,,,,3,,,4.5,4.489583333,0.13581708,TCDvoip,0.722315119,0.288986234,NOISE,108.0,,,,,,
,TCDvoip/Test_Set/NOISE/ref/R_03_NOISE_ML.wav,TCDvoip/Test_Set/NOISE/C_03_NOISE_ML.wav,,,,3,,,4.416666667,4.489583333,0.13581708,TCDvoip,0.7172815020000001,0.28697236800000003,NOISE,106.0,,,,,,
,TCDvoip/Test_Set/NOISE/ref/R_04_NOISE_FA.wav,TCDvoip/Test_Set/NOISE/C_04_NOISE_FA.wav,,,,4,,,4.5,4.395833333,0.14811806800000002,TCDvoip,0.659380473,0.263807132,NOISE,108.0,,,,,,
,TCDvoip/Test_Set/NOISE/ref/R_04_NOISE_FG.wav,TCDvoip/Test_Set/NOISE/C_04_NOISE_FG.wav,,,,4,,,4.458333333,4.395833333,0.14811806800000002,TCDvoip,0.65800533,0.26325696,NOISE,107.0,,,,,,
,TCDvoip/Test_Set/NOISE/ref/R_04_NOISE_MK.wav,TCDvoip/Test_Set/NOISE/C_04_NOISE_MK.wav,,,,4,,,4.25,4.395833333,0.14811806800000002,TCDvoip,0.944089163,0.377714331,NOISE,102.0,,,,,,
,TCDvoip/Test_Set/NOISE/ref/R_04_NOISE_ML.wav,TCDvoip/Test_Set/NOISE/C_04_NOISE_ML.wav,,,,4,,,4.375,4.395833333,0.14811806800000002,TCDvoip,0.710939366,0.284434985,NOISE,105.0,,,,,,
,TCDvoip/Test_Set/NOISE/ref/R_05_NOISE_FA.wav,TCDvoip/Test_Set/NOISE/C_05_NOISE_FA.wav,,,,5,,,3.416666667,3.614583333,0.159032183,TCDvoip,0.8297022340000001,0.331950028,NOISE,82.0,,,,,,
,TCDvoip/Test_Set/NOISE/ref/R_05_NOISE_FG.wav,TCDvoip/Test_Set/NOISE/C_05_NOISE_FG.wav,,,,5,,,3.541666667,3.614583333,0.159032183,TCDvoip,0.8329709359999999,0.33325778100000003,NOISE,85.0,,,,,,
,TCDvoip/Test_Set/NOISE/ref/R_05_NOISE_MK.wav,TCDvoip/Test_Set/NOISE/C_05_NOISE_MK.wav,,,,5,,,3.875,3.614583333,0.159032183,TCDvoip,0.7974143,0.319032164,NOISE,93.0,,,,,,
,TCDvoip/Test_Set/NOISE/ref/R_05_NOISE_ML.wav,TCDvoip/Test_Set/NOISE/C_05_NOISE_ML.wav,,,,5,,,3.625,3.614583333,0.159032183,TCDvoip,0.769669607,0.307931975,NOISE,87.0,,,,,,
,TCDvoip/Test_Set/NOISE/ref/R_06_NOISE_FA.wav,TCDvoip/Test_Set/NOISE/C_06_NOISE_FA.wav,,,,6,,,3.791666667,4.010416667,0.154213601,TCDvoip,0.7790276359999999,0.311675967,NOISE,91.0,,,,,,
,TCDvoip/Test_Set/NOISE/ref/R_06_NOISE_FG.wav,TCDvoip/Test_Set/NOISE/C_06_NOISE_FG.wav,,,,6,,,4.25,4.010416667,0.154213601,TCDvoip,0.7372097809999999,0.29494534,NOISE,102.0,,,,,,
,TCDvoip/Test_Set/NOISE/ref/R_06_NOISE_MK.wav,TCDvoip/Test_Set/NOISE/C_06_NOISE_MK.wav,,,,6,,,4.0,4.010416667,0.154213601,TCDvoip,0.7801894979999999,0.312140808,NOISE,96.0,,,,,,
,TCDvoip/Test_Set/NOISE/ref/R_06_NOISE_ML.wav,TCDvoip/Test_Set/NOISE/C_06_NOISE_ML.wav,,,,6,,,4.0,4.010416667,0.154213601,TCDvoip,0.8340576559999999,0.33369256,NOISE,96.0,,,,,,
,TCDvoip/Test_Set/NOISE/ref/R_07_NOISE_FA.wav,TCDvoip/Test_Set/NOISE/C_07_NOISE_FA.wav,,,,7,,,4.375,4.104166667,0.132877675,TCDvoip,0.646898957,0.25881348600000004,NOISE,105.0,,,,,,
,TCDvoip/Test_Set/NOISE/ref/R_07_NOISE_FG.wav,TCDvoip/Test_Set/NOISE/C_07_NOISE_FG.wav,,,,7,,,4.333333333,4.104166667,0.132877675,TCDvoip,0.7019641179999999,0.280844138,NOISE,104.0,,,,,,
,TCDvoip/Test_Set/NOISE/ref/R_07_NOISE_MK.wav,TCDvoip/Test_Set/NOISE/C_07_NOISE_MK.wav,,,,7,,,3.708333333,4.104166667,0.132877675,TCDvoip,0.7506036220000001,0.300303993,NOISE,89.0,,,,,,
,TCDvoip/Test_Set/NOISE/ref/R_07_NOISE_ML.wav,TCDvoip/Test_Set/NOISE/C_07_NOISE_ML.wav,,,,7,,,4.0,4.104166667,0.132877675,TCDvoip,0.589767825,0.235956272,NOISE,96.0,,,,,,
,TCDvoip/Test_Set/NOISE/ref/R_08_NOISE_FA.wav,TCDvoip/Test_Set/NOISE/C_08_NOISE_FA.wav,,,,8,,,4.0,4.072916667,0.15714482400000002,TCDvoip,0.7801894979999999,0.312140808,NOISE,96.0,,,,,,
,TCDvoip/Test_Set/NOISE/ref/R_08_NOISE_FG.wav,TCDvoip/Test_Set/NOISE/C_08_NOISE_FG.wav,,,,8,,,4.291666667,4.072916667,0.15714482400000002,TCDvoip,0.690253052,0.276158736,NOISE,103.0,,,,,,
,TCDvoip/Test_Set/NOISE/ref/R_08_NOISE_MK.wav,TCDvoip/Test_Set/NOISE/C_08_NOISE_MK.wav,,,,8,,,4.083333333,4.072916667,0.15714482400000002,TCDvoip,0.8297022340000001,0.331950028,NOISE,98.0,,,,,,
,TCDvoip/Test_Set/NOISE/ref/R_08_NOISE_ML.wav,TCDvoip/Test_Set/NOISE/C_08_NOISE_ML.wav,,,,8,,,3.916666667,4.072916667,0.15714482400000002,TCDvoip,0.880546602,0.35229201200000004,NOISE,94.0,,,,,,
,TCDvoip/Test_Set/NOISE/ref/R_09_NOISE_FA.wav,TCDvoip/Test_Set/NOISE/C_09_NOISE_FA.wav,,,,9,,,3.333333333,3.333333333,0.163010646,TCDvoip,0.8164965809999999,0.32666666699999997,NOISE,80.0,,,,,,
,TCDvoip/Test_Set/NOISE/ref/R_09_NOISE_FG.wav,TCDvoip/Test_Set/NOISE/C_09_NOISE_FG.wav,,,,9,,,3.25,3.333333333,0.163010646,TCDvoip,0.7372097809999999,0.29494534,NOISE,78.0,,,,,,
,TCDvoip/Test_Set/NOISE/ref/R_09_NOISE_MK.wav,TCDvoip/Test_Set/NOISE/C_09_NOISE_MK.wav,,,,9,,,3.375,3.333333333,0.163010646,TCDvoip,0.769669607,0.307931975,NOISE,81.0,,,,,,
,TCDvoip/Test_Set/NOISE/ref/R_09_NOISE_ML.wav,TCDvoip/Test_Set/NOISE/C_09_NOISE_ML.wav,,,,9,,,3.375,3.333333333,0.163010646,TCDvoip,0.9696480759999999,0.387940026,NOISE,81.0,,,,,,
,TCDvoip/Test_Set/NOISE/ref/R_10_NOISE_FA.wav,TCDvoip/Test_Set/NOISE/C_10_NOISE_FA.wav,,,,10,,,3.833333333,3.729166667,0.14524636300000002,TCDvoip,0.7613869879999999,0.304618237,NOISE,92.0,,,,,,
,TCDvoip/Test_Set/NOISE/ref/R_10_NOISE_FG.wav,TCDvoip/Test_Set/NOISE/C_10_NOISE_FG.wav,,,,10,,,3.583333333,3.729166667,0.14524636300000002,TCDvoip,0.7172815020000001,0.28697236800000003,NOISE,86.0,,,,,,
,TCDvoip/Test_Set/NOISE/ref/R_10_NOISE_MK.wav,TCDvoip/Test_Set/NOISE/C_10_NOISE_MK.wav,,,,10,,,3.791666667,3.729166667,0.14524636300000002,TCDvoip,0.7210600090000001,0.28848408600000003,NOISE,91.0,,,,,,
,TCDvoip/Test_Set/NOISE/ref/R_10_NOISE_ML.wav,TCDvoip/Test_Set/NOISE/C_10_NOISE_ML.wav,,,,10,,,3.708333333,3.729166667,0.14524636300000002,TCDvoip,0.7506036220000001,0.300303993,NOISE,89.0,,,,,,
,TCDvoip/Test_Set/NOISE/ref/R_11_NOISE_FA.wav,TCDvoip/Test_Set/NOISE/C_11_NOISE_FA.wav,,,,11,,,3.666666667,3.625,0.14764332900000002,TCDvoip,0.8164965809999999,0.32666666699999997,NOISE,88.0,,,,,,
,TCDvoip/Test_Set/NOISE/ref/R_11_NOISE_FG.wav,TCDvoip/Test_Set/NOISE/C_11_NOISE_FG.wav,,,,11,,,3.541666667,3.625,0.14764332900000002,TCDvoip,0.7210600090000001,0.28848408600000003,NOISE,85.0,,,,,,
,TCDvoip/Test_Set/NOISE/ref/R_11_NOISE_MK.wav,TCDvoip/Test_Set/NOISE/C_11_NOISE_MK.wav,,,,11,,,3.75,3.625,0.14764332900000002,TCDvoip,0.793999233,0.317665853,NOISE,90.0,,,,,,
,TCDvoip/Test_Set/NOISE/ref/R_11_NOISE_ML.wav,TCDvoip/Test_Set/NOISE/C_11_NOISE_ML.wav,,,,11,,,3.541666667,3.625,0.14764332900000002,TCDvoip,0.65800533,0.26325696,NOISE,85.0,,,,,,
,TCDvoip/Test_Set/NOISE/ref/R_12_NOISE_FA.wav,TCDvoip/Test_Set/NOISE/C_12_NOISE_FA.wav,,,,12,,,3.791666667,3.635416667,0.142747707,TCDvoip,0.65800533,0.26325696,NOISE,91.0,,,,,,
,TCDvoip/Test_Set/NOISE/ref/R_12_NOISE_FG.wav,TCDvoip/Test_Set/NOISE/C_12_NOISE_FG.wav,,,,12,,,3.541666667,3.635416667,0.142747707,TCDvoip,0.7790276359999999,0.311675967,NOISE,85.0,,,,,,
,TCDvoip/Test_Set/NOISE/ref/R_12_NOISE_MK.wav,TCDvoip/Test_Set/NOISE/C_12_NOISE_MK.wav,,,,12,,,3.75,3.635416667,0.142747707,TCDvoip,0.7372097809999999,0.29494534,NOISE,90.0,,,,,,
,TCDvoip/Test_Set/NOISE/ref/R_12_NOISE_ML.wav,TCDvoip/Test_Set/NOISE/C_12_NOISE_ML.wav,,,,12,,,3.458333333,3.635416667,0.142747707,TCDvoip,0.7210600090000001,0.28848408600000003,NOISE,83.0,,,,,,
,TCDvoip/Test_Set/NOISE/ref/R_13_NOISE_FA.wav,TCDvoip/Test_Set/NOISE/C_13_NOISE_FA.wav,,,,13,,,2.333333333,2.364583333,0.153757684,TCDvoip,0.8164965809999999,0.32666666699999997,NOISE,56.0,,,,,,
,TCDvoip/Test_Set/NOISE/ref/R_13_NOISE_FG.wav,TCDvoip/Test_Set/NOISE/C_13_NOISE_FG.wav,,,,13,,,2.333333333,2.364583333,0.153757684,TCDvoip,0.7613869879999999,0.304618237,NOISE,56.0,,,,,,
,TCDvoip/Test_Set/NOISE/ref/R_13_NOISE_MK.wav,TCDvoip/Test_Set/NOISE/C_13_NOISE_MK.wav,,,,13,,,2.375,2.364583333,0.153757684,TCDvoip,0.769669607,0.307931975,NOISE,57.0,,,,,,
,TCDvoip/Test_Set/NOISE/ref/R_13_NOISE_ML.wav,TCDvoip/Test_Set/NOISE/C_13_NOISE_ML.wav,,,,13,,,2.416666667,2.364583333,0.153757684,TCDvoip,0.775531608,0.310277264,NOISE,58.0,,,,,,
,TCDvoip/Test_Set/NOISE/ref/R_14_NOISE_FA.wav,TCDvoip/Test_Set/NOISE/C_14_NOISE_FA.wav,,,,14,,,3.041666667,2.916666667,0.167366863,TCDvoip,0.9545846659999999,0.38191340700000004,NOISE,73.0,,,,,,
,TCDvoip/Test_Set/NOISE/ref/R_14_NOISE_FG.wav,TCDvoip/Test_Set/NOISE/C_14_NOISE_FG.wav,,,,14,,,2.708333333,2.916666667,0.167366863,TCDvoip,0.85867272,0.34354063700000004,NOISE,65.0,,,,,,
,TCDvoip/Test_Set/NOISE/ref/R_14_NOISE_MK.wav,TCDvoip/Test_Set/NOISE/C_14_NOISE_MK.wav,,,,14,,,2.791666667,2.916666667,0.167366863,TCDvoip,0.7210600090000001,0.28848408600000003,NOISE,67.0,,,,,,
,TCDvoip/Test_Set/NOISE/ref/R_14_NOISE_ML.wav,TCDvoip/Test_Set/NOISE/C_14_NOISE_ML.wav,,,,14,,,3.125,2.916666667,0.167366863,TCDvoip,0.8501917940000001,0.34014756,NOISE,75.0,,,,,,
,TCDvoip/Test_Set/NOISE/ref/R_15_NOISE_FA.wav,TCDvoip/Test_Set/NOISE/C_15_NOISE_FA.wav,,,,15,,,2.583333333,2.520833333,0.169554757,TCDvoip,0.928611243,0.37152187299999995,NOISE,62.0,,,,,,
,TCDvoip/Test_Set/NOISE/ref/R_15_NOISE_FG.wav,TCDvoip/Test_Set/NOISE/C_15_NOISE_FG.wav,,,,15,,,2.375,2.520833333,0.169554757,TCDvoip,0.875388113,0.350228186,NOISE,57.0,,,,,,
,TCDvoip/Test_Set/NOISE/ref/R_15_NOISE_MK.wav,TCDvoip/Test_Set/NOISE/C_15_NOISE_MK.wav,,,,15,,,2.708333333,2.520833333,0.169554757,TCDvoip,0.8064504440000001,0.322647375,NOISE,65.0,,,,,,
,TCDvoip/Test_Set/NOISE/ref/R_15_NOISE_ML.wav,TCDvoip/Test_Set/NOISE/C_15_NOISE_ML.wav,,,,15,,,2.416666667,2.520833333,0.169554757,TCDvoip,0.8297022340000001,0.331950028,NOISE,58.0,,,,,,
,TCDvoip/Test_Set/NOISE/ref/R_16_NOISE_FA.wav,TCDvoip/Test_Set/NOISE/C_16_NOISE_FA.wav,,,,16,,,3.0,2.875,0.156192592,TCDvoip,0.722315119,0.288986234,NOISE,72.0,,,,,,
,TCDvoip/Test_Set/NOISE/ref/R_16_NOISE_FG.wav,TCDvoip/Test_Set/NOISE/C_16_NOISE_FG.wav,,,,16,,,2.791666667,2.875,0.156192592,TCDvoip,0.8329709359999999,0.33325778100000003,NOISE,67.0,,,,,,
,TCDvoip/Test_Set/NOISE/ref/R_16_NOISE_MK.wav,TCDvoip/Test_Set/NOISE/C_16_NOISE_MK.wav,,,,16,,,2.875,2.875,0.156192592,TCDvoip,0.899879219,0.36002667,NOISE,69.0,,,,,,
,TCDvoip/Test_Set/NOISE/ref/R_16_NOISE_ML.wav,TCDvoip/Test_Set/NOISE/C_16_NOISE_ML.wav,,,,16,,,2.833333333,2.875,0.156192592,TCDvoip,0.7019641179999999,0.280844138,NOISE,68.0,,,,,,
,TCDvoip/Test_Set/NOISE/ref/R_17_NOISE_FA.wav,TCDvoip/Test_Set/NOISE/C_17_NOISE_FA.wav,,,,17,,,1.4583333330000001,1.4895833330000001,0.13490946199999998,TCDvoip,0.588229966,0.235341,NOISE,35.0,,,,,,
,TCDvoip/Test_Set/NOISE/ref/R_17_NOISE_FG.wav,TCDvoip/Test_Set/NOISE/C_17_NOISE_FG.wav,,,,17,,,1.5,1.4895833330000001,0.13490946199999998,TCDvoip,0.659380473,0.263807132,NOISE,36.0,,,,,,
,TCDvoip/Test_Set/NOISE/ref/R_17_NOISE_MK.wav,TCDvoip/Test_Set/NOISE/C_17_NOISE_MK.wav,,,,17,,,1.375,1.4895833330000001,0.13490946199999998,TCDvoip,0.646898957,0.25881348600000004,NOISE,33.0,,,,,,
,TCDvoip/Test_Set/NOISE/ref/R_17_NOISE_ML.wav,TCDvoip/Test_Set/NOISE/C_17_NOISE_ML.wav,,,,17,,,1.625,1.4895833330000001,0.13490946199999998,TCDvoip,0.824225592,0.329758915,NOISE,39.0,,,,,,
,TCDvoip/Test_Set/NOISE/ref/R_18_NOISE_FA.wav,TCDvoip/Test_Set/NOISE/C_18_NOISE_FA.wav,,,,18,,,2.041666667,2.135416667,0.16752408800000002,TCDvoip,0.8064504440000001,0.322647375,NOISE,49.0,,,,,,
,TCDvoip/Test_Set/NOISE/ref/R_18_NOISE_FG.wav,TCDvoip/Test_Set/NOISE/C_18_NOISE_FG.wav,,,,18,,,2.25,2.135416667,0.16752408800000002,TCDvoip,0.793999233,0.317665853,NOISE,54.0,,,,,,
,TCDvoip/Test_Set/NOISE/ref/R_18_NOISE_MK.wav,TCDvoip/Test_Set/NOISE/C_18_NOISE_MK.wav,,,,18,,,1.9166666669999999,2.135416667,0.16752408800000002,TCDvoip,0.880546602,0.35229201200000004,NOISE,46.0,,,,,,
,TCDvoip/Test_Set/NOISE/ref/R_18_NOISE_ML.wav,TCDvoip/Test_Set/NOISE/C_18_NOISE_ML.wav,,,,18,,,2.333333333,2.135416667,0.16752408800000002,TCDvoip,0.916831342,0.36680893200000003,NOISE,56.0,,,,,,
,TCDvoip/Test_Set/NOISE/ref/R_19_NOISE_FA.wav,TCDvoip/Test_Set/NOISE/C_19_NOISE_FA.wav,,,,19,,,1.4166666669999999,1.40625,0.11797490199999999,TCDvoip,0.583592075,0.233485458,NOISE,34.0,,,,,,
,TCDvoip/Test_Set/NOISE/ref/R_19_NOISE_FG.wav,TCDvoip/Test_Set/NOISE/C_19_NOISE_FG.wav,,,,19,,,1.375,1.40625,0.11797490199999999,TCDvoip,0.575779245,0.230359675,NOISE,33.0,,,,,,
,TCDvoip/Test_Set/NOISE/ref/R_19_NOISE_MK.wav,TCDvoip/Test_Set/NOISE/C_19_NOISE_MK.wav,,,,19,,,1.375,1.40625,0.11797490199999999,TCDvoip,0.575779245,0.230359675,NOISE,33.0,,,,,,
,TCDvoip/Test_Set/NOISE/ref/R_19_NOISE_ML.wav,TCDvoip/Test_Set/NOISE/C_19_NOISE_ML.wav,,,,19,,,1.4583333330000001,1.40625,0.11797490199999999,TCDvoip,0.65800533,0.26325696,NOISE,35.0,,,,,,
,TCDvoip/Test_Set/NOISE/ref/R_20_NOISE_FA.wav,TCDvoip/Test_Set/NOISE/C_20_NOISE_FA.wav,,,,20,,,1.9583333330000001,1.8125,0.17394889,TCDvoip,0.690253052,0.276158736,NOISE,47.0,,,,,,
,TCDvoip/Test_Set/NOISE/ref/R_20_NOISE_FG.wav,TCDvoip/Test_Set/NOISE/C_20_NOISE_FG.wav,,,,20,,,1.7083333330000001,1.8125,0.17394889,TCDvoip,0.9078961190000001,0.36323409799999995,NOISE,41.0,,,,,,
,TCDvoip/Test_Set/NOISE/ref/R_20_NOISE_MK.wav,TCDvoip/Test_Set/NOISE/C_20_NOISE_MK.wav,,,,20,,,1.7916666669999999,1.8125,0.17394889,TCDvoip,1.020620726,0.40833333299999997,NOISE,43.0,,,,,,
,TCDvoip/Test_Set/NOISE/ref/R_20_NOISE_ML.wav,TCDvoip/Test_Set/NOISE/C_20_NOISE_ML.wav,,,,20,,,1.7916666669999999,1.8125,0.17394889,TCDvoip,0.8836272409999999,0.353524524,NOISE,43.0,,,,,,
,TCDvoip/Test_Set/NOISE/ref/R_21_NOISE_FA.wav,TCDvoip/Test_Set/NOISE/C_21_NOISE_FA.wav,,,,13,,,4.083333333,4.041666667,0.189868645,TCDvoip,0.974307632,0.38980423700000005,MNRU,98.0,,,,,,
,TCDvoip/Test_Set/NOISE/ref/R_21_NOISE_FG.wav,TCDvoip/Test_Set/NOISE/C_21_NOISE_FG.wav,,,,13,,,3.958333333,4.041666667,0.189868645,TCDvoip,1.082636342,0.43314474700000005,MNRU,95.0,,,,,,
,TCDvoip/Test_Set/NOISE/ref/R_21_NOISE_MK.wav,TCDvoip/Test_Set/NOISE/C_21_NOISE_MK.wav,,,,13,,,4.083333333,4.041666667,0.189868645,TCDvoip,0.928611243,0.37152187299999995,MNRU,98.0,,,,,,
,TCDvoip/Test_Set/NOISE/ref/R_21_NOISE_ML.wav,TCDvoip/Test_Set/NOISE/C_21_NOISE_ML.wav,,,,13,,,4.041666667,4.041666667,0.189868645,TCDvoip,0.85867272,0.34354063700000004,MNRU,97.0,,,,,,
,TCDvoip/Test_Set/NOISE/ref/R_22_NOISE_FA.wav,TCDvoip/Test_Set/NOISE/C_22_NOISE_FA.wav,,,,14,,,3.666666667,3.364583333,0.19929449800000001,TCDvoip,0.963086825,0.385314979,MNRU,88.0,,,,,,
,TCDvoip/Test_Set/NOISE/ref/R_22_NOISE_FG.wav,TCDvoip/Test_Set/NOISE/C_22_NOISE_FG.wav,,,,14,,,3.25,3.364583333,0.19929449800000001,TCDvoip,1.032093693,0.412923476,MNRU,78.0,,,,,,
,TCDvoip/Test_Set/NOISE/ref/R_22_NOISE_MK.wav,TCDvoip/Test_Set/NOISE/C_22_NOISE_MK.wav,,,,14,,,3.416666667,3.364583333,0.19929449800000001,TCDvoip,0.974307632,0.38980423700000005,MNRU,82.0,,,,,,
,TCDvoip/Test_Set/NOISE/ref/R_22_NOISE_ML.wav,TCDvoip/Test_Set/NOISE/C_22_NOISE_ML.wav,,,,14,,,3.125,3.364583333,0.19929449800000001,TCDvoip,1.075922254,0.43045855200000005,MNRU,75.0,,,,,,
,TCDvoip/Test_Set/NOISE/ref/R_23_NOISE_FA.wav,TCDvoip/Test_Set/NOISE/C_23_NOISE_FA.wav,,,,15,,,2.25,2.479166667,0.1794125,TCDvoip,0.793999233,0.317665853,MNRU,54.0,,,,,,
,TCDvoip/Test_Set/NOISE/ref/R_23_NOISE_FG.wav,TCDvoip/Test_Set/NOISE/C_23_NOISE_FG.wav,,,,15,,,2.708333333,2.479166667,0.1794125,TCDvoip,0.9545846659999999,0.38191340700000004,MNRU,65.0,,,,,,
,TCDvoip/Test_Set/NOISE/ref/R_23_NOISE_MK.wav,TCDvoip/Test_Set/NOISE/C_23_NOISE_MK.wav,,,,15,,,2.333333333,2.479166667,0.1794125,TCDvoip,1.049499536,0.41988726299999996,MNRU,56.0,,,,,,
,TCDvoip/Test_Set/NOISE/ref/R_23_NOISE_ML.wav,TCDvoip/Test_Set/NOISE/C_23_NOISE_ML.wav,,,,15,,,2.625,2.479166667,0.1794125,TCDvoip,0.824225592,0.329758915,MNRU,63.0,,,,,,
,TCDvoip/Test_Set/NOISE/ref/R_24_NOISE_FA.wav,TCDvoip/Test_Set/NOISE/C_24_NOISE_FA.wav,,,,16,,,1.625,1.5729166669999999,0.13976570300000002,TCDvoip,0.875388113,0.350228186,MNRU,39.0,,,,,,
,TCDvoip/Test_Set/NOISE/ref/R_24_NOISE_FG.wav,TCDvoip/Test_Set/NOISE/C_24_NOISE_FG.wav,,,,16,,,1.4166666669999999,1.5729166669999999,0.13976570300000002,TCDvoip,0.583592075,0.233485458,MNRU,34.0,,,,,,
,TCDvoip/Test_Set/NOISE/ref/R_24_NOISE_MK.wav,TCDvoip/Test_Set/NOISE/C_24_NOISE_MK.wav,,,,16,,,1.5416666669999999,1.5729166669999999,0.13976570300000002,TCDvoip,0.7790276359999999,0.311675967,MNRU,37.0,,,,,,
,TCDvoip/Test_Set/NOISE/ref/R_24_NOISE_ML.wav,TCDvoip/Test_Set/NOISE/C_24_NOISE_ML.wav,,,,16,,,1.7083333330000001,1.5729166669999999,0.13976570300000002,TCDvoip,0.550032937,0.220059006,MNRU,41.0,,,,,,
